9 1
10 1
13 1
32 1
33 2
34 3
35 4
37 5
38 6
39 7
40 8
41 9
42 10
43 11
44 12
45 13
46 14
47 15
48 16
49 17
50 17
51 17
52 17
53 17
54 17
55 17
56 17
57 17
58 18
59 19
60 20
61 21
62 22
65 23
66 23
67 23
68 23
69 23
70 23
71 23
72 23
73 23
74 23
75 23
76 23
77 23
78 23
79 23
80 23
81 23
82 23
83 23
84 23
85 23
86 23
87 23
88 23
89 23
90 23
91 24
93 25
94 26
95 23
97 23
98 27
99 28
100 29
101 30
102 31
103 23
104 23
105 32
106 23
107 23
108 33
109 34
110 35
111 23
112 36
113 23
114 37
115 38
116 39
117 40
118 41
119 42
120 23
121 23
122 23
123 43
124 44
125 45
126 46
9 1
10 1
13 1
32 1
61 47
9 48
10 48
13 48
32 48
33 48
34 49
35 48
36 48
37 48
38 48
39 48
40 48
41 48
42 48
43 48
44 48
45 48
46 48
47 48
48 48
49 48
50 48
51 48
52 48
53 48
54 48
55 48
56 48
57 48
58 48
59 48
60 48
61 48
62 48
63 48
64 48
65 48
66 48
67 48
68 48
69 48
70 48
71 48
72 48
73 48
74 48
75 48
76 48
77 48
78 48
79 48
80 48
81 48
82 48
83 48
84 48
85 48
86 48
87 48
88 48
89 48
90 48
91 48
92 48
93 48
94 48
95 48
96 48
97 48
98 48
99 48
100 48
101 48
102 48
103 48
104 48
105 48
106 48
107 48
108 48
109 48
110 48
111 48
112 48
113 48
114 48
115 48
116 48
117 48
118 48
119 48
120 48
121 48
122 48
123 48
124 48
125 48
126 48
161 48
162 48
163 48
164 48
165 48
166 48
167 48
168 48
169 48
170 48
171 48
172 48
173 48
174 48
175 48
176 48
177 48
178 48
179 48
180 48
181 48
182 48
183 48
184 48
185 48
186 48
187 48
188 48
189 48
190 48
191 48
192 48
193 48
194 48
195 48
196 48
197 48
198 48
199 48
200 48
201 48
202 48
203 48
204 48
205 48
206 48
207 48
208 48
209 48
210 48
211 48
212 48
213 48
214 48
215 48
216 48
217 48
218 48
219 48
220 48
221 48
222 48
223 48
224 48
225 48
226 48
227 48
228 48
229 48
230 48
231 48
232 48
233 48
234 48
235 48
236 48
237 48
238 48
239 48
240 48
241 48
242 48
243 48
244 48
245 48
246 48
247 48
248 48
249 48
250 48
251 48
252 48
253 48
254 48
255 48
38 50
9 51
32 51
33 51
34 51
35 51
36 51
37 51
38 51
39 51
40 51
41 51
42 51
43 51
44 51
45 51
46 51
47 51
48 51
49 51
50 51
51 51
52 51
53 51
54 51
55 51
56 51
57 51
58 51
59 51
60 51
61 51
62 51
63 51
64 51
65 51
66 51
67 51
68 51
69 51
70 51
71 51
72 51
73 51
74 51
75 51
76 51
77 51
78 51
79 51
80 51
81 51
82 51
83 51
84 51
85 51
86 51
87 51
88 51
89 51
90 51
91 51
92 51
93 51
94 51
95 51
96 51
97 51
98 51
99 51
100 51
101 51
102 51
103 51
104 51
105 51
106 51
107 51
108 51
109 51
110 51
111 51
112 51
113 51
114 51
115 51
116 51
117 51
118 51
119 51
120 51
121 51
122 51
123 51
124 51
125 51
126 51
161 51
162 51
163 51
164 51
165 51
166 51
167 51
168 51
169 51
170 51
171 51
172 51
173 51
174 51
175 51
176 51
177 51
178 51
179 51
180 51
181 51
182 51
183 51
184 51
185 51
186 51
187 51
188 51
189 51
190 51
191 51
192 51
193 51
194 51
195 51
196 51
197 51
198 51
199 51
200 51
201 51
202 51
203 51
204 51
205 51
206 51
207 51
208 51
209 51
210 51
211 51
212 51
213 51
214 51
215 51
216 51
217 51
218 51
219 51
220 51
221 51
222 51
223 51
224 51
225 51
226 51
227 51
228 51
229 51
230 51
231 51
232 51
233 51
234 51
235 51
236 51
237 51
238 51
239 51
240 51
241 51
242 51
243 51
244 51
245 51
246 51
247 51
248 51
249 51
250 51
251 51
252 51
253 51
254 51
255 51
43 52
45 53
42 54
47 55
46 56
48 17
49 17
50 17
51 17
52 17
53 17
54 17
55 17
56 17
57 17
98 57
120 58
46 56
48 17
49 17
50 17
51 17
52 17
53 17
54 17
55 17
56 17
57 17
60 59
61 60
61 61
61 62
62 63
48 23
49 23
50 23
51 23
52 23
53 23
54 23
55 23
56 23
57 23
65 23
66 23
67 23
68 23
69 23
70 23
71 23
72 23
73 23
74 23
75 23
76 23
77 23
78 23
79 23
80 23
81 23
82 23
83 23
84 23
85 23
86 23
87 23
88 23
89 23
90 23
95 23
97 23
98 23
99 23
100 23
101 23
102 23
103 23
104 23
105 23
106 23
107 23
108 23
109 23
110 23
111 23
112 23
113 23
114 23
115 23
116 23
117 23
118 23
119 23
120 23
121 23
122 23
48 23
49 23
50 23
51 23
52 23
53 23
54 23
55 23
56 23
57 23
65 23
66 23
67 23
68 23
69 23
70 23
71 23
72 23
73 23
74 23
75 23
76 23
77 23
78 23
79 23
80 23
81 23
82 23
83 23
84 23
85 23
86 23
87 23
88 23
89 23
90 23
95 23
97 23
98 23
99 23
100 23
101 23
102 23
103 23
104 23
105 23
106 23
107 23
108 23
109 23
110 23
111 64
112 23
113 23
114 65
115 23
116 23
117 23
118 23
119 23
120 23
121 23
122 23
48 23
49 23
50 23
51 23
52 23
53 23
54 23
55 23
56 23
57 23
65 23
66 23
67 23
68 23
69 23
70 23
71 23
72 23
73 23
74 23
75 23
76 23
77 23
78 23
79 23
80 23
81 23
82 23
83 23
84 23
85 23
86 23
87 23
88 23
89 23
90 23
95 23
97 66
98 23
99 23
100 23
101 23
102 23
103 23
104 67
105 68
106 23
107 23
108 69
109 23
110 23
111 70
112 23
113 23
114 23
115 23
116 23
117 23
118 23
119 23
120 23
121 23
122 23
48 23
49 23
50 23
51 23
52 23
53 23
54 23
55 23
56 23
57 23
65 23
66 23
67 23
68 23
69 23
70 23
71 23
72 23
73 23
74 23
75 23
76 23
77 23
78 23
79 23
80 23
81 23
82 23
83 23
84 23
85 23
86 23
87 23
88 23
89 23
90 23
95 23
97 23
98 23
99 23
100 23
101 71
102 23
103 23
104 23
105 23
106 23
107 23
108 23
109 23
110 23
111 72
112 23
113 23
114 23
115 23
116 23
117 23
118 23
119 23
120 23
121 23
122 23
48 23
49 23
50 23
51 23
52 23
53 23
54 23
55 23
56 23
57 23
65 23
66 23
67 23
68 23
69 23
70 23
71 23
72 23
73 23
74 23
75 23
76 23
77 23
78 23
79 23
80 23
81 23
82 23
83 23
84 23
85 23
86 23
87 23
88 23
89 23
90 23
95 23
97 23
98 23
99 23
100 23
101 23
102 23
103 23
104 23
105 23
106 23
107 23
108 73
109 23
110 74
111 23
112 23
113 23
114 23
115 23
116 23
117 23
118 23
119 23
120 23
121 23
122 23
48 23
49 23
50 23
51 23
52 23
53 23
54 23
55 23
56 23
57 23
65 23
66 23
67 23
68 23
69 23
70 23
71 23
72 23
73 23
74 23
75 23
76 23
77 23
78 23
79 23
80 23
81 23
82 23
83 23
84 23
85 23
86 23
87 23
88 23
89 23
90 23
95 23
97 75
98 23
99 23
100 23
101 23
102 23
103 23
104 23
105 23
106 23
107 23
108 76
109 23
110 23
111 77
112 23
113 23
114 23
115 23
116 23
117 23
118 23
119 23
120 23
121 23
122 23
48 23
49 23
50 23
51 23
52 23
53 23
54 23
55 23
56 23
57 23
65 23
66 23
67 23
68 23
69 23
70 23
71 23
72 23
73 23
74 23
75 23
76 23
77 23
78 23
79 23
80 23
81 23
82 23
83 23
84 23
85 23
86 23
87 23
88 23
89 23
90 23
95 23
97 23
98 23
99 23
100 23
101 23
102 78
103 23
104 23
105 23
106 23
107 23
108 23
109 23
110 79
111 23
112 23
113 23
114 23
115 23
116 23
117 23
118 23
119 23
120 23
121 23
122 23
48 23
49 23
50 23
51 23
52 23
53 23
54 23
55 23
56 23
57 23
65 23
66 23
67 23
68 23
69 23
70 23
71 23
72 23
73 23
74 23
75 23
76 23
77 23
78 23
79 23
80 23
81 23
82 23
83 23
84 23
85 23
86 23
87 23
88 23
89 23
90 23
95 23
97 23
98 23
99 23
100 23
101 23
102 23
103 23
104 23
105 23
106 23
107 23
108 23
109 23
110 23
111 80
112 23
113 23
114 23
115 23
116 23
117 23
118 23
119 23
120 23
121 23
122 23
48 23
49 23
50 23
51 23
52 23
53 23
54 23
55 23
56 23
57 23
65 23
66 23
67 23
68 23
69 23
70 23
71 23
72 23
73 23
74 23
75 23
76 23
77 23
78 23
79 23
80 23
81 23
82 23
83 23
84 23
85 23
86 23
87 23
88 23
89 23
90 23
95 23
97 81
98 23
99 23
100 23
101 23
102 23
103 23
104 23
105 23
106 23
107 23
108 23
109 23
110 23
111 23
112 23
113 23
114 23
115 23
116 23
117 23
118 23
119 23
120 23
121 23
122 23
48 23
49 23
50 23
51 23
52 23
53 23
54 23
55 23
56 23
57 23
65 23
66 23
67 23
68 23
69 23
70 23
71 23
72 23
73 23
74 23
75 23
76 23
77 23
78 23
79 23
80 23
81 23
82 23
83 23
84 23
85 23
86 23
87 23
88 23
89 23
90 23
95 23
97 82
98 23
99 23
100 23
101 83
102 23
103 23
104 23
105 23
106 23
107 23
108 23
109 23
110 23
111 23
112 23
113 23
114 23
115 23
116 23
117 23
118 23
119 23
120 23
121 23
122 23
48 23
49 23
50 23
51 23
52 23
53 23
54 23
55 23
56 23
57 23
65 23
66 23
67 23
68 23
69 23
70 23
71 23
72 23
73 23
74 23
75 23
76 23
77 23
78 23
79 23
80 23
81 23
82 23
83 23
84 23
85 23
86 23
87 23
88 23
89 23
90 23
95 23
97 23
98 23
99 23
100 23
101 23
102 23
103 23
104 23
105 23
106 23
107 23
108 23
109 23
110 23
111 23
112 23
113 23
114 84
115 23
116 23
117 85
118 23
119 23
120 23
121 23
122 23
48 23
49 23
50 23
51 23
52 23
53 23
54 23
55 23
56 23
57 23
65 23
66 23
67 23
68 23
69 23
70 23
71 23
72 23
73 23
74 23
75 23
76 23
77 23
78 23
79 23
80 23
81 23
82 23
83 23
84 23
85 23
86 23
87 23
88 23
89 23
90 23
95 23
97 23
98 23
99 23
100 23
101 86
102 23
103 23
104 23
105 23
106 23
107 23
108 23
109 23
110 23
111 23
112 23
113 23
114 23
115 23
116 23
117 23
118 23
119 23
120 23
121 23
122 23
48 23
49 23
50 23
51 23
52 23
53 23
54 23
55 23
56 23
57 23
65 23
66 23
67 23
68 23
69 23
70 23
71 23
72 23
73 23
74 23
75 23
76 23
77 23
78 23
79 23
80 23
81 23
82 23
83 23
84 23
85 23
86 23
87 23
88 23
89 23
90 23
95 23
97 23
98 23
99 23
100 23
101 23
102 23
103 23
104 87
105 88
106 23
107 23
108 23
109 23
110 23
111 23
112 23
113 23
114 23
115 23
116 89
117 23
118 23
119 90
120 23
121 23
122 23
48 23
49 23
50 23
51 23
52 23
53 23
54 23
55 23
56 23
57 23
65 23
66 23
67 23
68 23
69 23
70 23
71 23
72 23
73 23
74 23
75 23
76 23
77 23
78 23
79 23
80 23
81 23
82 23
83 23
84 23
85 23
86 23
87 23
88 23
89 23
90 23
95 23
97 23
98 23
99 23
100 23
101 91
102 23
103 23
104 92
105 23
106 23
107 23
108 23
109 23
110 23
111 23
112 23
113 23
114 93
115 23
116 23
117 23
118 23
119 23
120 23
121 94
122 23
48 23
49 23
50 23
51 23
52 23
53 23
54 23
55 23
56 23
57 23
65 23
66 23
67 23
68 23
69 23
70 23
71 23
72 23
73 23
74 23
75 23
76 23
77 23
78 23
79 23
80 23
81 23
82 23
83 23
84 23
85 23
86 23
87 23
88 23
89 23
90 23
95 23
97 23
98 23
99 23
100 23
101 23
102 23
103 23
104 23
105 23
106 23
107 23
108 23
109 23
110 23
111 23
112 23
113 23
114 23
115 95
116 23
117 23
118 23
119 23
120 23
121 23
122 23
48 23
49 23
50 23
51 23
52 23
53 23
54 23
55 23
56 23
57 23
65 23
66 23
67 23
68 23
69 23
70 23
71 23
72 23
73 23
74 23
75 23
76 23
77 23
78 23
79 23
80 23
81 23
82 23
83 23
84 23
85 23
86 23
87 23
88 23
89 23
90 23
95 23
97 23
98 23
99 23
100 23
101 23
102 23
103 23
104 23
105 23
106 23
107 23
108 23
109 23
110 23
111 96
112 23
113 23
114 23
115 23
116 23
117 23
118 23
119 23
120 23
121 23
122 23
48 23
49 23
50 23
51 23
52 23
53 23
54 23
55 23
56 23
57 23
65 23
66 23
67 23
68 23
69 23
70 23
71 23
72 23
73 23
74 23
75 23
76 23
77 23
78 23
79 23
80 23
81 23
82 23
83 23
84 23
85 23
86 23
87 23
88 23
89 23
90 23
95 23
97 23
98 23
99 23
100 23
101 23
102 23
103 23
104 97
105 23
106 23
107 23
108 23
109 23
110 23
111 23
112 23
113 23
114 23
115 23
116 23
117 23
118 23
119 23
120 23
121 23
122 23
124 98
9 48
10 48
13 48
32 48
33 48
34 49
35 48
36 48
37 48
38 48
39 48
40 48
41 48
42 48
43 48
44 48
45 48
46 48
47 48
48 48
49 48
50 48
51 48
52 48
53 48
54 48
55 48
56 48
57 48
58 48
59 48
60 48
61 48
62 48
63 48
64 48
65 48
66 48
67 48
68 48
69 48
70 48
71 48
72 48
73 48
74 48
75 48
76 48
77 48
78 48
79 48
80 48
81 48
82 48
83 48
84 48
85 48
86 48
87 48
88 48
89 48
90 48
91 48
92 48
93 48
94 48
95 48
96 48
97 48
98 48
99 48
100 48
101 48
102 48
103 48
104 48
105 48
106 48
107 48
108 48
109 48
110 48
111 48
112 48
113 48
114 48
115 48
116 48
117 48
118 48
119 48
120 48
121 48
122 48
123 48
124 48
125 48
126 48
161 48
162 48
163 48
164 48
165 48
166 48
167 48
168 48
169 48
170 48
171 48
172 48
173 48
174 48
175 48
176 48
177 48
178 48
179 48
180 48
181 48
182 48
183 48
184 48
185 48
186 48
187 48
188 48
189 48
190 48
191 48
192 48
193 48
194 48
195 48
196 48
197 48
198 48
199 48
200 48
201 48
202 48
203 48
204 48
205 48
206 48
207 48
208 48
209 48
210 48
211 48
212 48
213 48
214 48
215 48
216 48
217 48
218 48
219 48
220 48
221 48
222 48
223 48
224 48
225 48
226 48
227 48
228 48
229 48
230 48
231 48
232 48
233 48
234 48
235 48
236 48
237 48
238 48
239 48
240 48
241 48
242 48
243 48
244 48
245 48
246 48
247 48
248 48
249 48
250 48
251 48
252 48
253 48
254 48
255 48
39 99
9 54
10 54
13 54
32 54
33 54
34 54
35 54
36 54
37 54
38 54
39 54
40 54
41 54
42 100
43 54
44 54
45 54
46 54
47 54
48 54
49 54
50 54
51 54
52 54
53 54
54 54
55 54
56 54
57 54
58 54
59 54
60 54
61 54
62 54
63 54
64 54
65 54
66 54
67 54
68 54
69 54
70 54
71 54
72 54
73 54
74 54
75 54
76 54
77 54
78 54
79 54
80 54
81 54
82 54
83 54
84 54
85 54
86 54
87 54
88 54
89 54
90 54
91 54
92 54
93 54
94 54
95 54
96 54
97 54
98 54
99 54
100 54
101 54
102 54
103 54
104 54
105 54
106 54
107 54
108 54
109 54
110 54
111 54
112 54
113 54
114 54
115 54
116 54
117 54
118 54
119 54
120 54
121 54
122 54
123 54
124 54
125 54
126 54
161 54
162 54
163 54
164 54
165 54
166 54
167 54
168 54
169 54
170 54
171 54
172 54
173 54
174 54
175 54
176 54
177 54
178 54
179 54
180 54
181 54
182 54
183 54
184 54
185 54
186 54
187 54
188 54
189 54
190 54
191 54
192 54
193 54
194 54
195 54
196 54
197 54
198 54
199 54
200 54
201 54
202 54
203 54
204 54
205 54
206 54
207 54
208 54
209 54
210 54
211 54
212 54
213 54
214 54
215 54
216 54
217 54
218 54
219 54
220 54
221 54
222 54
223 54
224 54
225 54
226 54
227 54
228 54
229 54
230 54
231 54
232 54
233 54
234 54
235 54
236 54
237 54
238 54
239 54
240 54
241 54
242 54
243 54
244 54
245 54
246 54
247 54
248 54
249 54
250 54
251 54
252 54
253 54
254 54
255 54
9 55
32 55
33 55
34 55
35 55
36 55
37 55
38 55
39 55
40 55
41 55
42 55
43 55
44 55
45 55
46 55
47 55
48 55
49 55
50 55
51 55
52 55
53 55
54 55
55 55
56 55
57 55
58 55
59 55
60 55
61 55
62 55
63 55
64 55
65 55
66 55
67 55
68 55
69 55
70 55
71 55
72 55
73 55
74 55
75 55
76 55
77 55
78 55
79 55
80 55
81 55
82 55
83 55
84 55
85 55
86 55
87 55
88 55
89 55
90 55
91 55
92 55
93 55
94 55
95 55
96 55
97 55
98 55
99 55
100 55
101 55
102 55
103 55
104 55
105 55
106 55
107 55
108 55
109 55
110 55
111 55
112 55
113 55
114 55
115 55
116 55
117 55
118 55
119 55
120 55
121 55
122 55
123 55
124 55
125 55
126 55
161 55
162 55
163 55
164 55
165 55
166 55
167 55
168 55
169 55
170 55
171 55
172 55
173 55
174 55
175 55
176 55
177 55
178 55
179 55
180 55
181 55
182 55
183 55
184 55
185 55
186 55
187 55
188 55
189 55
190 55
191 55
192 55
193 55
194 55
195 55
196 55
197 55
198 55
199 55
200 55
201 55
202 55
203 55
204 55
205 55
206 55
207 55
208 55
209 55
210 55
211 55
212 55
213 55
214 55
215 55
216 55
217 55
218 55
219 55
220 55
221 55
222 55
223 55
224 55
225 55
226 55
227 55
228 55
229 55
230 55
231 55
232 55
233 55
234 55
235 55
236 55
237 55
238 55
239 55
240 55
241 55
242 55
243 55
244 55
245 55
246 55
247 55
248 55
249 55
250 55
251 55
252 55
253 55
254 55
255 55
48 101
49 101
50 101
51 101
52 101
53 101
54 101
55 101
56 101
57 101
48 102
49 102
48 103
49 103
50 103
51 103
52 103
53 103
54 103
55 103
56 103
57 103
65 103
66 103
67 103
68 103
69 103
70 103
48 23
49 23
50 23
51 23
52 23
53 23
54 23
55 23
56 23
57 23
65 23
66 23
67 23
68 23
69 23
70 23
71 23
72 23
73 23
74 23
75 23
76 23
77 23
78 23
79 23
80 23
81 23
82 23
83 23
84 23
85 23
86 23
87 23
88 23
89 23
90 23
95 23
97 23
98 23
99 23
100 23
101 23
102 23
103 23
104 23
105 23
106 23
107 23
108 23
109 23
110 23
111 104
112 23
113 23
114 23
115 23
116 23
117 23
118 23
119 23
120 23
121 23
122 23
48 23
49 23
50 23
51 23
52 23
53 23
54 23
55 23
56 23
57 23
65 23
66 23
67 23
68 23
69 23
70 23
71 23
72 23
73 23
74 23
75 23
76 23
77 23
78 23
79 23
80 23
81 23
82 23
83 23
84 23
85 23
86 23
87 23
88 23
89 23
90 23
95 23
97 23
98 23
99 23
100 23
101 105
102 23
103 23
104 23
105 23
106 23
107 23
108 23
109 23
110 23
111 23
112 23
113 23
114 23
115 23
116 23
117 23
118 23
119 23
120 23
121 23
122 23
48 23
49 23
50 23
51 23
52 23
53 23
54 23
55 23
56 23
57 23
65 23
66 23
67 23
68 23
69 23
70 23
71 23
72 23
73 23
74 23
75 23
76 23
77 23
78 23
79 23
80 23
81 23
82 23
83 23
84 23
85 23
86 23
87 23
88 23
89 23
90 23
95 23
97 23
98 23
99 23
100 23
101 23
102 23
103 23
104 23
105 23
106 23
107 23
108 23
109 23
110 23
111 23
112 23
113 23
114 23
115 106
116 107
117 23
118 23
119 23
120 23
121 23
122 23
48 23
49 23
50 23
51 23
52 23
53 23
54 23
55 23
56 23
57 23
65 23
66 23
67 23
68 23
69 23
70 23
71 23
72 23
73 23
74 23
75 23
76 23
77 23
78 23
79 23
80 23
81 23
82 23
83 23
84 23
85 23
86 23
87 23
88 23
89 23
90 23
95 23
97 108
98 23
99 23
100 23
101 23
102 23
103 23
104 23
105 23
106 23
107 23
108 23
109 23
110 23
111 23
112 23
113 23
114 23
115 23
116 23
117 23
118 23
119 23
120 23
121 23
122 23
48 23
49 23
50 23
51 23
52 23
53 23
54 23
55 23
56 23
57 23
65 23
66 23
67 23
68 23
69 23
70 23
71 23
72 23
73 23
74 23
75 23
76 23
77 23
78 23
79 23
80 23
81 23
82 23
83 23
84 23
85 23
86 23
87 23
88 23
89 23
90 23
95 23
97 23
98 23
99 23
100 23
101 23
102 23
103 23
104 23
105 23
106 23
107 23
108 23
109 23
110 109
111 23
112 23
113 23
114 23
115 23
116 23
117 23
118 23
119 23
120 23
121 23
122 23
48 23
49 23
50 23
51 23
52 23
53 23
54 23
55 23
56 23
57 23
65 23
66 23
67 23
68 23
69 23
70 23
71 23
72 23
73 23
74 23
75 23
76 23
77 23
78 23
79 23
80 23
81 23
82 23
83 23
84 23
85 23
86 23
87 23
88 23
89 23
90 23
95 23
97 110
98 23
99 23
100 23
101 23
102 23
103 23
104 23
105 23
106 23
107 23
108 23
109 23
110 23
111 23
112 23
113 23
114 23
115 23
116 23
117 23
118 23
119 23
120 23
121 23
122 23
48 23
49 23
50 23
51 23
52 23
53 23
54 23
55 23
56 23
57 23
65 23
66 23
67 23
68 23
69 23
70 23
71 23
72 23
73 23
74 23
75 23
76 23
77 23
78 23
79 23
80 23
81 23
82 23
83 23
84 23
85 23
86 23
87 23
88 23
89 23
90 23
95 23
97 23
98 23
99 23
100 23
101 23
102 23
103 23
104 23
105 23
106 23
107 23
108 23
109 23
110 111
111 23
112 23
113 23
114 23
115 23
116 23
117 112
118 23
119 23
120 23
121 23
122 23
48 23
49 23
50 23
51 23
52 23
53 23
54 23
55 23
56 23
57 23
65 23
66 23
67 23
68 23
69 23
70 23
71 23
72 23
73 23
74 23
75 23
76 23
77 23
78 23
79 23
80 23
81 23
82 23
83 23
84 23
85 23
86 23
87 23
88 23
89 23
90 23
95 23
97 23
98 23
99 23
100 23
101 23
102 113
103 23
104 23
105 23
106 23
107 23
108 114
109 23
110 23
111 23
112 23
113 23
114 23
115 23
116 23
117 23
118 23
119 23
120 23
121 23
122 23
48 23
49 23
50 23
51 23
52 23
53 23
54 23
55 23
56 23
57 23
65 23
66 23
67 23
68 23
69 23
70 23
71 23
72 23
73 23
74 23
75 23
76 23
77 23
78 23
79 23
80 23
81 23
82 23
83 23
84 23
85 23
86 23
87 23
88 23
89 23
90 23
95 23
97 23
98 23
99 23
100 23
101 23
102 23
103 23
104 23
105 23
106 23
107 23
108 23
109 23
110 23
111 23
112 23
113 23
114 23
115 23
116 23
117 115
118 23
119 23
120 23
121 23
122 23
48 23
49 23
50 23
51 23
52 23
53 23
54 23
55 23
56 23
57 23
65 23
66 23
67 23
68 23
69 23
70 23
71 23
72 23
73 23
74 23
75 23
76 23
77 23
78 23
79 23
80 23
81 23
82 23
83 23
84 23
85 23
86 23
87 23
88 23
89 23
90 23
95 23
97 23
98 23
99 23
100 23
101 23
102 23
103 23
104 23
105 23
106 23
107 23
108 23
109 23
110 23
111 23
112 23
113 23
114 23
115 116
116 23
117 23
118 23
119 23
120 23
121 23
122 23
48 23
49 23
50 23
51 23
52 23
53 23
54 23
55 23
56 23
57 23
65 23
66 23
67 23
68 23
69 23
70 23
71 23
72 23
73 23
74 23
75 23
76 23
77 23
78 23
79 23
80 23
81 23
82 23
83 23
84 23
85 23
86 23
87 23
88 23
89 23
90 23
95 23
97 23
98 23
99 23
100 117
101 23
102 23
103 23
104 23
105 23
106 23
107 23
108 23
109 23
110 23
111 23
112 23
113 23
114 23
115 23
116 23
117 118
118 23
119 23
120 23
121 23
122 23
48 23
49 23
50 23
51 23
52 23
53 23
54 23
55 23
56 23
57 23
65 23
66 23
67 23
68 23
69 23
70 23
71 23
72 23
73 23
74 23
75 23
76 23
77 23
78 23
79 23
80 23
81 23
82 23
83 23
84 23
85 23
86 23
87 23
88 23
89 23
90 23
95 23
97 23
98 23
99 23
100 23
101 23
102 23
103 23
104 23
105 23
106 23
107 23
108 119
109 23
110 23
111 23
112 23
113 23
114 23
115 23
116 23
117 23
118 23
119 23
120 23
121 23
122 23
48 23
49 23
50 23
51 23
52 23
53 23
54 23
55 23
56 23
57 23
65 23
66 23
67 23
68 23
69 23
70 23
71 23
72 23
73 23
74 23
75 23
76 23
77 23
78 23
79 23
80 23
81 23
82 23
83 23
84 23
85 23
86 23
87 23
88 23
89 23
90 23
95 23
97 23
98 23
99 23
100 23
101 23
102 23
103 23
104 23
105 23
106 23
107 23
108 23
109 23
110 23
111 120
112 23
113 23
114 23
115 23
116 23
117 23
118 23
119 23
120 23
121 23
122 23
48 23
49 23
50 23
51 23
52 23
53 23
54 23
55 23
56 23
57 23
65 23
66 23
67 23
68 23
69 23
70 23
71 23
72 23
73 23
74 23
75 23
76 23
77 23
78 23
79 23
80 23
81 23
82 23
83 23
84 23
85 23
86 23
87 23
88 23
89 23
90 23
95 23
97 23
98 23
99 23
100 23
101 23
102 23
103 23
104 23
105 23
106 23
107 23
108 23
109 23
110 23
111 23
112 23
113 23
114 121
115 23
116 23
117 23
118 23
119 23
120 23
121 23
122 23
48 23
49 23
50 23
51 23
52 23
53 23
54 23
55 23
56 23
57 23
65 23
66 23
67 23
68 23
69 23
70 23
71 23
72 23
73 23
74 23
75 23
76 23
77 23
78 23
79 23
80 23
81 23
82 23
83 23
84 23
85 23
86 23
87 23
88 23
89 23
90 23
95 23
97 23
98 23
99 23
100 23
101 23
102 23
103 23
104 23
105 23
106 23
107 23
108 23
109 23
110 23
111 23
112 23
113 23
114 23
115 23
116 23
117 23
118 23
119 23
120 23
121 23
122 23
48 23
49 23
50 23
51 23
52 23
53 23
54 23
55 23
56 23
57 23
65 23
66 23
67 23
68 23
69 23
70 23
71 23
72 23
73 23
74 23
75 23
76 23
77 23
78 23
79 23
80 23
81 23
82 23
83 23
84 23
85 23
86 23
87 23
88 23
89 23
90 23
95 23
97 23
98 23
99 23
100 23
101 23
102 23
103 23
104 23
105 23
106 23
107 23
108 23
109 23
110 23
111 23
112 23
113 23
114 23
115 23
116 122
117 23
118 23
119 23
120 23
121 23
122 23
48 23
49 23
50 23
51 23
52 23
53 23
54 23
55 23
56 23
57 23
65 23
66 23
67 23
68 23
69 23
70 23
71 23
72 23
73 23
74 23
75 23
76 23
77 23
78 23
79 23
80 23
81 23
82 23
83 23
84 23
85 23
86 23
87 23
88 23
89 23
90 23
95 23
97 23
98 23
99 23
100 23
101 23
102 23
103 23
104 23
105 23
106 23
107 23
108 23
109 23
110 123
111 23
112 23
113 23
114 23
115 23
116 23
117 23
118 23
119 23
120 23
121 23
122 23
48 23
49 23
50 23
51 23
52 23
53 23
54 23
55 23
56 23
57 23
65 23
66 23
67 23
68 23
69 23
70 23
71 23
72 23
73 23
74 23
75 23
76 23
77 23
78 23
79 23
80 23
81 23
82 23
83 23
84 23
85 23
86 23
87 23
88 23
89 23
90 23
95 23
97 23
98 23
99 23
100 23
101 23
102 23
103 23
104 23
105 124
106 23
107 23
108 23
109 23
110 23
111 23
112 23
113 23
114 23
115 23
116 23
117 23
118 23
119 23
120 23
121 23
122 23
48 23
49 23
50 23
51 23
52 23
53 23
54 23
55 23
56 23
57 23
65 23
66 23
67 23
68 23
69 23
70 23
71 23
72 23
73 23
74 23
75 23
76 23
77 23
78 23
79 23
80 23
81 23
82 23
83 23
84 23
85 23
86 23
87 23
88 23
89 23
90 23
95 23
97 23
98 23
99 23
100 23
101 23
102 23
103 23
104 23
105 23
106 23
107 23
108 23
109 125
110 23
111 23
112 23
113 23
114 23
115 23
116 23
117 23
118 23
119 23
120 23
121 23
122 23
48 23
49 23
50 23
51 23
52 23
53 23
54 23
55 23
56 23
57 23
65 23
66 23
67 23
68 23
69 23
70 23
71 23
72 23
73 23
74 23
75 23
76 23
77 23
78 23
79 23
80 23
81 23
82 23
83 23
84 23
85 23
86 23
87 23
88 23
89 23
90 23
95 23
97 23
98 23
99 23
100 23
101 23
102 23
103 23
104 23
105 23
106 23
107 23
108 23
109 23
110 23
111 23
112 23
113 23
114 23
115 23
116 23
117 23
118 23
119 126
120 23
121 23
122 23
48 23
49 23
50 23
51 23
52 23
53 23
54 23
55 23
56 23
57 23
65 23
66 23
67 23
68 23
69 23
70 23
71 23
72 23
73 23
74 23
75 23
76 23
77 23
78 23
79 23
80 23
81 23
82 23
83 23
84 23
85 23
86 23
87 23
88 23
89 23
90 23
95 23
97 23
98 23
99 23
100 23
101 23
102 23
103 23
104 23
105 127
106 23
107 23
108 23
109 23
110 23
111 128
112 23
113 23
114 23
115 23
116 23
117 23
118 23
119 23
120 23
121 23
122 23
48 23
49 23
50 23
51 23
52 23
53 23
54 23
55 23
56 23
57 23
65 23
66 23
67 23
68 23
69 23
70 23
71 23
72 23
73 23
74 23
75 23
76 23
77 23
78 23
79 23
80 23
81 23
82 23
83 23
84 23
85 23
86 23
87 23
88 23
89 23
90 23
95 23
97 23
98 129
99 23
100 23
101 23
102 23
103 23
104 23
105 23
106 23
107 23
108 23
109 23
110 23
111 23
112 23
113 23
114 23
115 23
116 23
117 23
118 23
119 23
120 23
121 23
122 23
48 23
49 23
50 23
51 23
52 23
53 23
54 23
55 23
56 23
57 23
65 23
66 23
67 23
68 23
69 23
70 23
71 23
72 23
73 23
74 23
75 23
76 23
77 23
78 23
79 23
80 23
81 23
82 23
83 23
84 23
85 23
86 23
87 23
88 23
89 23
90 23
95 23
97 23
98 23
99 23
100 23
101 23
102 23
103 23
104 23
105 23
106 23
107 23
108 23
109 23
110 23
111 23
112 23
113 23
114 23
115 23
116 130
117 23
118 23
119 23
120 23
121 23
122 23
48 23
49 23
50 23
51 23
52 23
53 23
54 23
55 23
56 23
57 23
65 23
66 23
67 23
68 23
69 23
70 23
71 23
72 23
73 23
74 23
75 23
76 23
77 23
78 23
79 23
80 23
81 23
82 23
83 23
84 23
85 23
86 23
87 23
88 23
89 23
90 23
95 23
97 23
98 23
99 23
100 23
101 23
102 23
103 23
104 23
105 23
106 23
107 23
108 23
109 23
110 23
111 131
112 23
113 23
114 23
115 23
116 23
117 23
118 23
119 23
120 23
121 23
122 23
48 23
49 23
50 23
51 23
52 23
53 23
54 23
55 23
56 23
57 23
65 23
66 23
67 23
68 23
69 23
70 23
71 23
72 23
73 23
74 23
75 23
76 23
77 23
78 23
79 23
80 23
81 23
82 23
83 23
84 23
85 23
86 23
87 23
88 23
89 23
90 23
95 23
97 23
98 23
99 23
100 23
101 23
102 23
103 23
104 23
105 23
106 23
107 23
108 23
109 23
110 23
111 23
112 23
113 23
114 23
115 23
116 23
117 23
118 23
119 23
120 23
121 23
122 132
48 23
49 23
50 23
51 23
52 23
53 23
54 23
55 23
56 23
57 23
65 23
66 23
67 23
68 23
69 23
70 23
71 23
72 23
73 23
74 23
75 23
76 23
77 23
78 23
79 23
80 23
81 23
82 23
83 23
84 23
85 23
86 23
87 23
88 23
89 23
90 23
95 23
97 133
98 23
99 23
100 23
101 23
102 23
103 23
104 23
105 23
106 23
107 23
108 23
109 23
110 23
111 23
112 23
113 23
114 134
115 23
116 23
117 23
118 23
119 23
120 23
121 23
122 23
48 23
49 23
50 23
51 23
52 23
53 23
54 23
55 23
56 23
57 23
65 23
66 23
67 23
68 23
69 23
70 23
71 23
72 23
73 23
74 23
75 23
76 23
77 23
78 23
79 23
80 23
81 23
82 23
83 23
84 23
85 23
86 23
87 23
88 23
89 23
90 23
95 23
97 23
98 23
99 23
100 23
101 23
102 23
103 23
104 23
105 135
106 23
107 23
108 23
109 23
110 23
111 23
112 23
113 23
114 23
115 23
116 23
117 23
118 23
119 23
120 23
121 23
122 23
48 23
49 23
50 23
51 23
52 23
53 23
54 23
55 23
56 23
57 23
65 23
66 23
67 23
68 23
69 23
70 23
71 23
72 23
73 23
74 23
75 23
76 23
77 23
78 23
79 23
80 23
81 23
82 23
83 23
84 23
85 23
86 23
87 23
88 23
89 23
90 23
95 23
97 23
98 23
99 23
100 23
101 23
102 23
103 23
104 23
105 23
106 23
107 23
108 23
109 136
110 23
111 23
112 23
113 23
114 23
115 23
116 23
117 23
118 23
119 23
120 23
121 23
122 23
48 23
49 23
50 23
51 23
52 23
53 23
54 23
55 23
56 23
57 23
65 23
66 23
67 23
68 23
69 23
70 23
71 23
72 23
73 23
74 23
75 23
76 23
77 23
78 23
79 23
80 23
81 23
82 23
83 23
84 23
85 23
86 23
87 23
88 23
89 23
90 23
95 23
97 23
98 23
99 23
100 23
101 23
102 23
103 23
104 23
105 137
106 23
107 23
108 23
109 23
110 23
111 23
112 23
113 23
114 138
115 23
116 23
117 23
118 23
119 23
120 23
121 23
122 23
48 23
49 23
50 23
51 23
52 23
53 23
54 23
55 23
56 23
57 23
65 23
66 23
67 23
68 23
69 23
70 23
71 23
72 23
73 23
74 23
75 23
76 23
77 23
78 23
79 23
80 23
81 23
82 23
83 23
84 23
85 23
86 23
87 23
88 23
89 23
90 23
95 23
97 23
98 23
99 23
100 23
101 23
102 23
103 23
104 23
105 23
106 23
107 23
108 23
109 23
110 23
111 23
112 23
113 23
114 23
115 23
116 23
117 139
118 23
119 23
120 23
121 140
122 23
48 23
49 23
50 23
51 23
52 23
53 23
54 23
55 23
56 23
57 23
65 23
66 23
67 23
68 23
69 23
70 23
71 23
72 23
73 23
74 23
75 23
76 23
77 23
78 23
79 23
80 23
81 23
82 23
83 23
84 23
85 23
86 23
87 23
88 23
89 23
90 23
95 23
97 23
98 23
99 23
100 23
101 23
102 23
103 23
104 23
105 23
106 23
107 23
108 23
109 23
110 23
111 23
112 141
113 23
114 23
115 23
116 23
117 23
118 23
119 23
120 23
121 23
122 23
48 23
49 23
50 23
51 23
52 23
53 23
54 23
55 23
56 23
57 23
65 23
66 23
67 23
68 23
69 23
70 23
71 23
72 23
73 23
74 23
75 23
76 23
77 23
78 23
79 23
80 23
81 23
82 23
83 23
84 23
85 23
86 23
87 23
88 23
89 23
90 23
95 23
97 23
98 23
99 23
100 23
101 23
102 23
103 23
104 23
105 142
106 23
107 23
108 23
109 23
110 23
111 23
112 23
113 23
114 23
115 23
116 23
117 23
118 23
119 23
120 23
121 23
122 23
48 23
49 23
50 23
51 23
52 23
53 23
54 23
55 23
56 23
57 23
65 23
66 23
67 23
68 23
69 23
70 23
71 23
72 23
73 23
74 23
75 23
76 23
77 23
78 23
79 23
80 23
81 23
82 23
83 23
84 23
85 23
86 23
87 23
88 23
89 23
90 23
95 23
97 23
98 23
99 23
100 23
101 23
102 23
103 23
104 23
105 143
106 23
107 23
108 23
109 23
110 23
111 23
112 23
113 23
114 23
115 23
116 23
117 23
118 23
119 23
120 23
121 23
122 23
48 23
49 23
50 23
51 23
52 23
53 23
54 23
55 23
56 23
57 23
65 23
66 23
67 23
68 23
69 23
70 23
71 23
72 23
73 23
74 23
75 23
76 23
77 23
78 23
79 23
80 23
81 23
82 23
83 23
84 23
85 23
86 23
87 23
88 23
89 23
90 23
95 23
97 23
98 23
99 23
100 23
101 23
102 23
103 23
104 23
105 144
106 23
107 23
108 23
109 23
110 23
111 23
112 23
113 23
114 23
115 23
116 23
117 23
118 23
119 23
120 23
121 23
122 23
9 54
10 54
13 54
32 54
33 54
34 54
35 54
36 54
37 54
38 54
39 54
40 54
41 54
42 100
43 54
44 54
45 54
46 54
47 145
48 54
49 54
50 54
51 54
52 54
53 54
54 54
55 54
56 54
57 54
58 54
59 54
60 54
61 54
62 54
63 54
64 54
65 54
66 54
67 54
68 54
69 54
70 54
71 54
72 54
73 54
74 54
75 54
76 54
77 54
78 54
79 54
80 54
81 54
82 54
83 54
84 54
85 54
86 54
87 54
88 54
89 54
90 54
91 54
92 54
93 54
94 54
95 54
96 54
97 54
98 54
99 54
100 54
101 54
102 54
103 54
104 54
105 54
106 54
107 54
108 54
109 54
110 54
111 54
112 54
113 54
114 54
115 54
116 54
117 54
118 54
119 54
120 54
121 54
122 54
123 54
124 54
125 54
126 54
161 54
162 54
163 54
164 54
165 54
166 54
167 54
168 54
169 54
170 54
171 54
172 54
173 54
174 54
175 54
176 54
177 54
178 54
179 54
180 54
181 54
182 54
183 54
184 54
185 54
186 54
187 54
188 54
189 54
190 54
191 54
192 54
193 54
194 54
195 54
196 54
197 54
198 54
199 54
200 54
201 54
202 54
203 54
204 54
205 54
206 54
207 54
208 54
209 54
210 54
211 54
212 54
213 54
214 54
215 54
216 54
217 54
218 54
219 54
220 54
221 54
222 54
223 54
224 54
225 54
226 54
227 54
228 54
229 54
230 54
231 54
232 54
233 54
234 54
235 54
236 54
237 54
238 54
239 54
240 54
241 54
242 54
243 54
244 54
245 54
246 54
247 54
248 54
249 54
250 54
251 54
252 54
253 54
254 54
255 54
48 101
49 101
50 101
51 101
52 101
53 101
54 101
55 101
56 101
57 101
70 146
48 102
49 102
48 103
49 103
50 103
51 103
52 103
53 103
54 103
55 103
56 103
57 103
65 103
66 103
67 103
68 103
69 103
70 103
48 23
49 23
50 23
51 23
52 23
53 23
54 23
55 23
56 23
57 23
65 23
66 23
67 23
68 23
69 23
70 23
71 23
72 23
73 23
74 23
75 23
76 23
77 23
78 23
79 23
80 23
81 23
82 23
83 23
84 23
85 23
86 23
87 23
88 23
89 23
90 23
95 23
97 23
98 23
99 23
100 23
101 23
102 23
103 23
104 23
105 23
106 23
107 23
108 147
109 23
110 23
111 23
112 23
113 23
114 23
115 23
116 23
117 23
118 23
119 23
120 23
121 23
122 23
48 23
49 23
50 23
51 23
52 23
53 23
54 23
55 23
56 23
57 23
65 23
66 23
67 23
68 23
69 23
70 23
71 23
72 23
73 23
74 23
75 23
76 23
77 23
78 23
79 23
80 23
81 23
82 23
83 23
84 23
85 23
86 23
87 23
88 23
89 23
90 23
95 23
97 148
98 23
99 23
100 23
101 23
102 23
103 23
104 23
105 23
106 23
107 23
108 23
109 23
110 23
111 23
112 23
113 23
114 23
115 23
116 23
117 23
118 23
119 23
120 23
121 23
122 23
48 23
49 23
50 23
51 23
52 23
53 23
54 23
55 23
56 23
57 23
65 23
66 23
67 23
68 23
69 23
70 23
71 23
72 23
73 23
74 23
75 23
76 23
77 23
78 23
79 23
80 23
81 23
82 23
83 23
84 23
85 23
86 23
87 23
88 23
89 23
90 23
95 23
97 23
98 23
99 23
100 23
101 149
102 23
103 23
104 23
105 23
106 23
107 23
108 23
109 23
110 23
111 23
112 23
113 23
114 23
115 23
116 23
117 23
118 23
119 23
120 23
121 23
122 23
48 23
49 23
50 23
51 23
52 23
53 23
54 23
55 23
56 23
57 23
65 23
66 23
67 23
68 23
69 23
70 23
71 23
72 23
73 23
74 23
75 23
76 23
77 23
78 23
79 23
80 23
81 23
82 23
83 23
84 23
85 23
86 23
87 23
88 23
89 23
90 23
95 23
97 23
98 23
99 150
100 23
101 23
102 23
103 23
104 23
105 23
106 23
107 23
108 23
109 23
110 23
111 23
112 23
113 23
114 23
115 23
116 23
117 23
118 23
119 23
120 23
121 23
122 23
48 23
49 23
50 23
51 23
52 23
53 23
54 23
55 23
56 23
57 23
65 23
66 23
67 23
68 23
69 23
70 23
71 23
72 23
73 23
74 23
75 23
76 23
77 23
78 23
79 23
80 23
81 23
82 23
83 23
84 23
85 23
86 23
87 23
88 23
89 23
90 23
95 23
97 23
98 23
99 23
100 23
101 23
102 23
103 23
104 23
105 23
106 23
107 23
108 23
109 23
110 23
111 23
112 23
113 23
114 151
115 23
116 23
117 23
118 23
119 23
120 23
121 23
122 23
48 23
49 23
50 23
51 23
52 23
53 23
54 23
55 23
56 23
57 23
65 23
66 23
67 23
68 23
69 23
70 23
71 23
72 23
73 23
74 23
75 23
76 23
77 23
78 23
79 23
80 23
81 23
82 23
83 23
84 23
85 23
86 23
87 23
88 23
89 23
90 23
95 23
97 23
98 23
99 23
100 23
101 23
102 23
103 23
104 23
105 23
106 23
107 23
108 23
109 23
110 23
111 23
112 23
113 23
114 23
115 23
116 23
117 23
118 23
119 23
120 23
121 23
122 23
48 23
49 23
50 23
51 23
52 23
53 23
54 23
55 23
56 23
57 23
65 23
66 23
67 23
68 23
69 23
70 23
71 23
72 23
73 23
74 23
75 23
76 23
77 23
78 23
79 23
80 23
81 23
82 23
83 23
84 23
85 23
86 23
87 23
88 23
89 23
90 23
95 23
97 23
98 23
99 23
100 23
101 23
102 23
103 23
104 23
105 23
106 23
107 23
108 23
109 23
110 23
111 23
112 23
113 23
114 23
115 152
116 23
117 23
118 23
119 23
120 23
121 23
122 23
48 23
49 23
50 23
51 23
52 23
53 23
54 23
55 23
56 23
57 23
65 23
66 23
67 23
68 23
69 23
70 23
71 23
72 23
73 23
74 23
75 23
76 23
77 23
78 23
79 23
80 23
81 23
82 23
83 23
84 23
85 23
86 23
87 23
88 23
89 23
90 23
95 23
97 23
98 23
99 23
100 23
101 23
102 23
103 23
104 23
105 23
106 23
107 23
108 23
109 23
110 23
111 23
112 23
113 23
114 23
115 153
116 154
117 23
118 23
119 23
120 23
121 23
122 23
48 23
49 23
50 23
51 23
52 23
53 23
54 23
55 23
56 23
57 23
65 23
66 23
67 23
68 23
69 23
70 23
71 23
72 23
73 23
74 23
75 23
76 23
77 23
78 23
79 23
80 23
81 23
82 23
83 23
84 23
85 23
86 23
87 23
88 23
89 23
90 23
95 23
97 23
98 23
99 23
100 23
101 23
102 23
103 23
104 23
105 23
106 23
107 23
108 23
109 23
110 23
111 23
112 23
113 23
114 23
115 23
116 155
117 23
118 23
119 23
120 23
121 23
122 23
48 23
49 23
50 23
51 23
52 23
53 23
54 23
55 23
56 23
57 23
65 23
66 23
67 23
68 23
69 23
70 23
71 23
72 23
73 23
74 23
75 23
76 23
77 23
78 23
79 23
80 23
81 23
82 23
83 23
84 23
85 23
86 23
87 23
88 23
89 23
90 23
95 23
97 156
98 23
99 23
100 23
101 23
102 23
103 23
104 23
105 23
106 23
107 23
108 23
109 23
110 23
111 23
112 23
113 23
114 23
115 23
116 23
117 23
118 23
119 23
120 23
121 23
122 23
48 23
49 23
50 23
51 23
52 23
53 23
54 23
55 23
56 23
57 23
65 23
66 23
67 23
68 23
69 23
70 23
71 23
72 23
73 23
74 23
75 23
76 23
77 23
78 23
79 23
80 23
81 23
82 23
83 23
84 23
85 23
86 23
87 23
88 23
89 23
90 23
95 23
97 23
98 23
99 23
100 23
101 157
102 23
103 23
104 23
105 23
106 23
107 23
108 23
109 23
110 23
111 23
112 23
113 23
114 23
115 23
116 23
117 23
118 23
119 23
120 23
121 23
122 23
48 23
49 23
50 23
51 23
52 23
53 23
54 23
55 23
56 23
57 23
65 23
66 23
67 23
68 23
69 23
70 23
71 23
72 23
73 23
74 23
75 23
76 23
77 23
78 23
79 23
80 23
81 23
82 23
83 23
84 23
85 23
86 23
87 23
88 23
89 23
90 23
95 23
97 23
98 158
99 23
100 23
101 23
102 23
103 23
104 23
105 23
106 23
107 23
108 23
109 23
110 23
111 23
112 23
113 23
114 23
115 23
116 23
117 23
118 23
119 23
120 23
121 23
122 23
48 23
49 23
50 23
51 23
52 23
53 23
54 23
55 23
56 23
57 23
65 23
66 23
67 23
68 23
69 23
70 23
71 23
72 23
73 23
74 23
75 23
76 23
77 23
78 23
79 23
80 23
81 23
82 23
83 23
84 23
85 23
86 23
87 23
88 23
89 23
90 23
95 23
97 23
98 23
99 23
100 23
101 159
102 23
103 23
104 23
105 23
106 23
107 23
108 23
109 23
110 23
111 23
112 23
113 23
114 23
115 23
116 23
117 23
118 23
119 23
120 23
121 23
122 23
48 23
49 23
50 23
51 23
52 23
53 23
54 23
55 23
56 23
57 23
65 23
66 23
67 23
68 23
69 23
70 23
71 23
72 23
73 23
74 23
75 23
76 23
77 23
78 23
79 23
80 23
81 23
82 23
83 23
84 23
85 23
86 23
87 23
88 23
89 23
90 23
95 23
97 23
98 23
99 23
100 23
101 23
102 23
103 23
104 23
105 23
106 23
107 23
108 23
109 23
110 23
111 23
112 23
113 23
114 23
115 23
116 23
117 23
118 23
119 23
120 23
121 23
122 23
48 23
49 23
50 23
51 23
52 23
53 23
54 23
55 23
56 23
57 23
65 23
66 23
67 23
68 23
69 23
70 23
71 23
72 23
73 23
74 23
75 23
76 23
77 23
78 23
79 23
80 23
81 23
82 23
83 23
84 23
85 23
86 23
87 23
88 23
89 23
90 23
95 23
97 23
98 23
99 23
100 23
101 23
102 23
103 23
104 23
105 23
106 23
107 23
108 23
109 160
110 23
111 23
112 23
113 23
114 23
115 23
116 23
117 23
118 23
119 23
120 23
121 23
122 23
48 23
49 23
50 23
51 23
52 23
53 23
54 23
55 23
56 23
57 23
65 23
66 23
67 23
68 23
69 23
70 23
71 23
72 23
73 23
74 23
75 23
76 23
77 23
78 23
79 23
80 23
81 23
82 23
83 23
84 23
85 23
86 23
87 23
88 23
89 23
90 23
95 23
97 23
98 23
99 23
100 23
101 23
102 23
103 23
104 23
105 23
106 23
107 23
108 23
109 23
110 23
111 23
112 23
113 23
114 23
115 161
116 23
117 23
118 23
119 23
120 23
121 23
122 23
48 23
49 23
50 23
51 23
52 23
53 23
54 23
55 23
56 23
57 23
65 23
66 23
67 23
68 23
69 23
70 23
71 23
72 23
73 23
74 23
75 23
76 23
77 23
78 23
79 23
80 23
81 23
82 23
83 23
84 23
85 23
86 23
87 23
88 23
89 23
90 23
95 23
97 162
98 23
99 23
100 23
101 23
102 23
103 23
104 23
105 23
106 23
107 23
108 23
109 23
110 23
111 23
112 23
113 23
114 23
115 23
116 23
117 23
118 23
119 23
120 23
121 23
122 23
48 23
49 23
50 23
51 23
52 23
53 23
54 23
55 23
56 23
57 23
65 23
66 23
67 23
68 23
69 23
70 23
71 23
72 23
73 23
74 23
75 23
76 23
77 23
78 23
79 23
80 23
81 23
82 23
83 23
84 23
85 23
86 23
87 23
88 23
89 23
90 23
95 23
97 23
98 23
99 23
100 23
101 23
102 23
103 23
104 23
105 23
106 23
107 23
108 23
109 23
110 23
111 23
112 23
113 23
114 23
115 23
116 23
117 23
118 23
119 23
120 23
121 23
122 23
48 23
49 23
50 23
51 23
52 23
53 23
54 23
55 23
56 23
57 23
65 23
66 23
67 23
68 23
69 23
70 23
71 23
72 23
73 23
74 23
75 23
76 23
77 23
78 23
79 23
80 23
81 23
82 23
83 23
84 23
85 23
86 23
87 23
88 23
89 23
90 23
95 23
97 23
98 23
99 23
100 23
101 23
102 23
103 23
104 23
105 23
106 23
107 23
108 23
109 23
110 23
111 23
112 23
113 23
114 23
115 23
116 23
117 23
118 23
119 23
120 23
121 23
122 23
48 23
49 23
50 23
51 23
52 23
53 23
54 23
55 23
56 23
57 23
65 23
66 23
67 23
68 23
69 23
70 23
71 23
72 23
73 23
74 23
75 23
76 23
77 23
78 23
79 23
80 23
81 23
82 23
83 23
84 23
85 23
86 23
87 23
88 23
89 23
90 23
95 23
97 23
98 23
99 23
100 23
101 23
102 23
103 163
104 23
105 23
106 23
107 23
108 23
109 23
110 23
111 23
112 23
113 23
114 23
115 23
116 23
117 23
118 23
119 23
120 23
121 23
122 23
48 23
49 23
50 23
51 23
52 23
53 23
54 23
55 23
56 23
57 23
65 23
66 23
67 23
68 23
69 23
70 23
71 23
72 23
73 23
74 23
75 23
76 23
77 23
78 23
79 23
80 23
81 23
82 23
83 23
84 23
85 23
86 23
87 23
88 23
89 23
90 23
95 23
97 23
98 23
99 23
100 23
101 23
102 23
103 23
104 23
105 23
106 23
107 23
108 23
109 23
110 164
111 23
112 23
113 23
114 23
115 23
116 23
117 23
118 23
119 23
120 23
121 23
122 23
48 23
49 23
50 23
51 23
52 23
53 23
54 23
55 23
56 23
57 23
65 23
66 23
67 23
68 23
69 23
70 23
71 23
72 23
73 23
74 23
75 23
76 23
77 23
78 23
79 23
80 23
81 23
82 23
83 23
84 23
85 23
86 23
87 23
88 23
89 23
90 23
95 23
97 23
98 23
99 23
100 23
101 165
102 23
103 23
104 23
105 23
106 23
107 23
108 23
109 23
110 23
111 23
112 23
113 23
114 23
115 23
116 23
117 23
118 23
119 23
120 23
121 23
122 23
48 23
49 23
50 23
51 23
52 23
53 23
54 23
55 23
56 23
57 23
65 23
66 23
67 23
68 23
69 23
70 23
71 23
72 23
73 23
74 23
75 23
76 23
77 23
78 23
79 23
80 23
81 23
82 23
83 23
84 23
85 23
86 23
87 23
88 23
89 23
90 23
95 23
97 23
98 23
99 23
100 23
101 23
102 23
103 23
104 23
105 23
106 23
107 23
108 23
109 23
110 23
111 23
112 23
113 23
114 23
115 23
116 23
117 23
118 23
119 23
120 23
121 23
122 23
48 23
49 23
50 23
51 23
52 23
53 23
54 23
55 23
56 23
57 23
65 23
66 23
67 23
68 23
69 23
70 23
71 23
72 23
73 23
74 23
75 23
76 23
77 23
78 23
79 23
80 23
81 23
82 23
83 23
84 23
85 23
86 23
87 23
88 23
89 23
90 23
95 23
97 23
98 23
99 23
100 23
101 23
102 23
103 23
104 23
105 23
106 23
107 23
108 23
109 23
110 23
111 23
112 23
113 23
114 23
115 23
116 23
117 23
118 166
119 23
120 23
121 23
122 23
48 23
49 23
50 23
51 23
52 23
53 23
54 23
55 23
56 23
57 23
65 23
66 23
67 23
68 23
69 23
70 23
71 23
72 23
73 23
74 23
75 23
76 23
77 23
78 23
79 23
80 23
81 23
82 23
83 23
84 23
85 23
86 23
87 23
88 23
89 23
90 23
95 23
97 23
98 23
99 23
100 23
101 23
102 23
103 23
104 23
105 23
106 23
107 23
108 23
109 23
110 23
111 23
112 23
113 23
114 23
115 23
116 167
117 23
118 23
119 23
120 23
121 23
122 23
48 23
49 23
50 23
51 23
52 23
53 23
54 23
55 23
56 23
57 23
65 23
66 23
67 23
68 23
69 23
70 23
71 23
72 23
73 23
74 23
75 23
76 23
77 23
78 23
79 23
80 23
81 23
82 23
83 23
84 23
85 23
86 23
87 23
88 23
89 23
90 23
95 23
97 23
98 23
99 23
100 23
101 23
102 23
103 23
104 23
105 23
106 23
107 23
108 168
109 23
110 23
111 23
112 23
113 23
114 23
115 23
116 23
117 23
118 23
119 23
120 23
121 23
122 23
48 23
49 23
50 23
51 23
52 23
53 23
54 23
55 23
56 23
57 23
65 23
66 23
67 23
68 23
69 23
70 23
71 23
72 23
73 23
74 23
75 23
76 23
77 23
78 23
79 23
80 23
81 23
82 23
83 23
84 23
85 23
86 23
87 23
88 23
89 23
90 23
95 23
97 23
98 23
99 23
100 23
101 23
102 23
103 23
104 23
105 23
106 23
107 23
108 23
109 23
110 23
111 23
112 23
113 23
114 23
115 23
116 23
117 169
118 23
119 23
120 23
121 23
122 23
48 23
49 23
50 23
51 23
52 23
53 23
54 23
55 23
56 23
57 23
65 23
66 23
67 23
68 23
69 23
70 23
71 23
72 23
73 23
74 23
75 23
76 23
77 23
78 23
79 23
80 23
81 23
82 23
83 23
84 23
85 23
86 23
87 23
88 23
89 23
90 23
95 23
97 23
98 23
99 23
100 23
101 23
102 23
103 23
104 23
105 23
106 23
107 23
108 23
109 23
110 23
111 23
112 23
113 23
114 170
115 23
116 23
117 23
118 23
119 23
120 23
121 23
122 23
48 23
49 23
50 23
51 23
52 23
53 23
54 23
55 23
56 23
57 23
65 23
66 23
67 23
68 23
69 23
70 23
71 23
72 23
73 23
74 23
75 23
76 23
77 23
78 23
79 23
80 23
81 23
82 23
83 23
84 23
85 23
86 23
87 23
88 23
89 23
90 23
95 23
97 23
98 23
99 23
100 23
101 171
102 23
103 23
104 23
105 23
106 23
107 23
108 23
109 23
110 23
111 23
112 23
113 23
114 23
115 23
116 23
117 23
118 23
119 23
120 23
121 23
122 23
48 23
49 23
50 23
51 23
52 23
53 23
54 23
55 23
56 23
57 23
65 23
66 23
67 23
68 23
69 23
70 23
71 23
72 23
73 23
74 23
75 23
76 23
77 23
78 23
79 23
80 23
81 23
82 23
83 23
84 23
85 23
86 23
87 23
88 23
89 23
90 23
95 23
97 23
98 23
99 23
100 23
101 23
102 23
103 23
104 23
105 23
106 23
107 23
108 23
109 23
110 23
111 23
112 23
113 23
114 23
115 23
116 172
117 23
118 23
119 23
120 23
121 23
122 23
48 23
49 23
50 23
51 23
52 23
53 23
54 23
55 23
56 23
57 23
65 23
66 23
67 23
68 23
69 23
70 23
71 23
72 23
73 23
74 23
75 23
76 23
77 23
78 23
79 23
80 23
81 23
82 23
83 23
84 23
85 23
86 23
87 23
88 23
89 23
90 23
95 23
97 23
98 23
99 23
100 23
101 23
102 23
103 23
104 23
105 23
106 23
107 23
108 23
109 23
110 23
111 23
112 23
113 23
114 23
115 23
116 23
117 173
118 23
119 23
120 23
121 23
122 23
48 23
49 23
50 23
51 23
52 23
53 23
54 23
55 23
56 23
57 23
65 23
66 23
67 23
68 23
69 23
70 23
71 23
72 23
73 23
74 23
75 23
76 23
77 23
78 23
79 23
80 23
81 23
82 23
83 23
84 23
85 23
86 23
87 23
88 23
89 23
90 23
95 23
97 23
98 23
99 23
100 23
101 23
102 23
103 23
104 23
105 23
106 23
107 23
108 23
109 23
110 23
111 23
112 23
113 23
114 23
115 23
116 174
117 23
118 23
119 23
120 23
121 23
122 23
48 23
49 23
50 23
51 23
52 23
53 23
54 23
55 23
56 23
57 23
65 23
66 23
67 23
68 23
69 23
70 23
71 23
72 23
73 23
74 23
75 23
76 23
77 23
78 23
79 23
80 23
81 23
82 23
83 23
84 23
85 23
86 23
87 23
88 23
89 23
90 23
95 23
97 23
98 23
99 23
100 23
101 23
102 23
103 23
104 23
105 23
106 23
107 23
108 23
109 23
110 23
111 23
112 175
113 23
114 23
115 23
116 23
117 23
118 23
119 23
120 23
121 23
122 23
48 23
49 23
50 23
51 23
52 23
53 23
54 23
55 23
56 23
57 23
65 23
66 23
67 23
68 23
69 23
70 23
71 23
72 23
73 23
74 23
75 23
76 23
77 23
78 23
79 23
80 23
81 23
82 23
83 23
84 23
85 23
86 23
87 23
88 23
89 23
90 23
95 23
97 23
98 23
99 23
100 23
101 23
102 23
103 23
104 23
105 23
106 23
107 23
108 23
109 23
110 23
111 23
112 23
113 23
114 23
115 176
116 23
117 23
118 23
119 23
120 23
121 23
122 23
48 23
49 23
50 23
51 23
52 23
53 23
54 23
55 23
56 23
57 23
65 23
66 23
67 23
68 23
69 23
70 23
71 23
72 23
73 23
74 23
75 23
76 23
77 23
78 23
79 23
80 23
81 23
82 23
83 23
84 23
85 23
86 23
87 23
88 23
89 23
90 23
95 23
97 23
98 23
99 23
100 23
101 23
102 23
103 23
104 23
105 23
106 23
107 23
108 23
109 23
110 23
111 177
112 23
113 23
114 23
115 23
116 23
117 23
118 23
119 23
120 23
121 23
122 23
48 23
49 23
50 23
51 23
52 23
53 23
54 23
55 23
56 23
57 23
65 23
66 23
67 23
68 23
69 23
70 23
71 23
72 23
73 23
74 23
75 23
76 23
77 23
78 23
79 23
80 23
81 23
82 23
83 23
84 23
85 23
86 23
87 23
88 23
89 23
90 23
95 23
97 23
98 23
99 23
100 23
101 178
102 23
103 23
104 23
105 23
106 23
107 23
108 23
109 23
110 23
111 23
112 23
113 23
114 23
115 23
116 23
117 23
118 23
119 23
120 23
121 23
122 23
48 23
49 23
50 23
51 23
52 23
53 23
54 23
55 23
56 23
57 23
65 23
66 23
67 23
68 23
69 23
70 23
71 23
72 23
73 23
74 23
75 23
76 23
77 23
78 23
79 23
80 23
81 23
82 23
83 23
84 23
85 23
86 23
87 23
88 23
89 23
90 23
95 23
97 23
98 23
99 23
100 23
101 23
102 23
103 23
104 23
105 23
106 23
107 23
108 23
109 23
110 23
111 23
112 23
113 23
114 23
115 23
116 23
117 23
118 23
119 23
120 23
121 23
122 23
48 23
49 23
50 23
51 23
52 23
53 23
54 23
55 23
56 23
57 23
65 23
66 23
67 23
68 23
69 23
70 23
71 23
72 23
73 23
74 23
75 23
76 23
77 23
78 23
79 23
80 23
81 23
82 23
83 23
84 23
85 23
86 23
87 23
88 23
89 23
90 23
95 23
97 23
98 23
99 23
100 23
101 179
102 23
103 23
104 23
105 23
106 23
107 23
108 23
109 23
110 23
111 23
112 23
113 23
114 23
115 23
116 23
117 23
118 23
119 23
120 23
121 23
122 23
48 23
49 23
50 23
51 23
52 23
53 23
54 23
55 23
56 23
57 23
65 23
66 23
67 23
68 23
69 23
70 23
71 23
72 23
73 23
74 23
75 23
76 23
77 23
78 23
79 23
80 23
81 23
82 23
83 23
84 23
85 23
86 23
87 23
88 23
89 23
90 23
95 23
97 23
98 23
99 23
100 23
101 23
102 23
103 23
104 23
105 23
106 23
107 23
108 23
109 23
110 180
111 23
112 23
113 23
114 23
115 23
116 23
117 23
118 23
119 23
120 23
121 23
122 23
48 23
49 23
50 23
51 23
52 23
53 23
54 23
55 23
56 23
57 23
65 23
66 23
67 23
68 23
69 23
70 23
71 23
72 23
73 23
74 23
75 23
76 23
77 23
78 23
79 23
80 23
81 23
82 23
83 23
84 23
85 23
86 23
87 23
88 23
89 23
90 23
95 23
97 23
98 23
99 23
100 181
101 23
102 23
103 23
104 23
105 23
106 23
107 23
108 23
109 23
110 23
111 23
112 23
113 23
114 23
115 23
116 23
117 23
118 23
119 23
120 23
121 23
122 23
48 23
49 23
50 23
51 23
52 23
53 23
54 23
55 23
56 23
57 23
65 23
66 23
67 23
68 23
69 23
70 23
71 23
72 23
73 23
74 23
75 23
76 23
77 23
78 23
79 23
80 23
81 23
82 23
83 23
84 23
85 23
86 23
87 23
88 23
89 23
90 23
95 23
97 23
98 23
99 23
100 23
101 23
102 23
103 23
104 23
105 23
106 23
107 23
108 182
109 23
110 23
111 23
112 23
113 23
114 23
115 23
116 23
117 23
118 23
119 23
120 23
121 23
122 23
48 23
49 23
50 23
51 23
52 23
53 23
54 23
55 23
56 23
57 23
65 23
66 23
67 23
68 23
69 23
70 23
71 23
72 23
73 23
74 23
75 23
76 23
77 23
78 23
79 23
80 23
81 23
82 23
83 23
84 23
85 23
86 23
87 23
88 23
89 23
90 23
95 23
97 23
98 23
99 23
100 23
101 23
102 23
103 23
104 23
105 23
106 23
107 23
108 23
109 23
110 23
111 23
112 23
113 23
114 23
115 23
116 23
117 23
118 23
119 23
120 23
121 23
122 23
48 23
49 23
50 23
51 23
52 23
53 23
54 23
55 23
56 23
57 23
65 23
66 23
67 23
68 23
69 23
70 23
71 23
72 23
73 23
74 23
75 23
76 23
77 23
78 23
79 23
80 23
81 23
82 23
83 23
84 23
85 23
86 23
87 23
88 23
89 23
90 23
95 23
97 23
98 23
99 23
100 23
101 23
102 23
103 23
104 23
105 23
106 23
107 183
108 23
109 23
110 23
111 23
112 23
113 23
114 23
115 23
116 23
117 23
118 23
119 23
120 23
121 23
122 23
48 23
49 23
50 23
51 23
52 23
53 23
54 23
55 23
56 23
57 23
65 23
66 23
67 23
68 23
69 23
70 23
71 23
72 23
73 23
74 23
75 23
76 23
77 23
78 23
79 23
80 23
81 23
82 23
83 23
84 23
85 23
86 23
87 23
88 23
89 23
90 23
95 23
97 23
98 23
99 23
100 23
101 23
102 23
103 23
104 23
105 23
106 23
107 23
108 23
109 23
110 23
111 23
112 23
113 23
114 23
115 23
116 23
117 23
118 23
119 23
120 23
121 23
122 23
48 23
49 23
50 23
51 23
52 23
53 23
54 23
55 23
56 23
57 23
65 23
66 23
67 23
68 23
69 23
70 23
71 23
72 23
73 23
74 23
75 23
76 23
77 23
78 23
79 23
80 23
81 23
82 23
83 23
84 23
85 23
86 23
87 23
88 23
89 23
90 23
95 23
97 23
98 23
99 23
100 23
101 23
102 23
103 23
104 184
105 23
106 23
107 23
108 23
109 23
110 23
111 23
112 23
113 23
114 23
115 23
116 23
117 23
118 23
119 23
120 23
121 23
122 23
48 23
49 23
50 23
51 23
52 23
53 23
54 23
55 23
56 23
57 23
65 23
66 23
67 23
68 23
69 23
70 23
71 23
72 23
73 23
74 23
75 23
76 23
77 23
78 23
79 23
80 23
81 23
82 23
83 23
84 23
85 23
86 23
87 23
88 23
89 23
90 23
95 23
97 23
98 23
99 23
100 23
101 23
102 23
103 23
104 23
105 23
106 23
107 23
108 23
109 23
110 23
111 23
112 23
113 23
114 23
115 23
116 23
117 23
118 23
119 23
120 23
121 23
122 23
48 23
49 23
50 23
51 23
52 23
53 23
54 23
55 23
56 23
57 23
65 23
66 23
67 23
68 23
69 23
70 23
71 23
72 23
73 23
74 23
75 23
76 23
77 23
78 23
79 23
80 23
81 23
82 23
83 23
84 23
85 23
86 23
87 23
88 23
89 23
90 23
95 23
97 23
98 23
99 23
100 23
101 23
102 23
103 23
104 23
105 23
106 23
107 23
108 23
109 23
110 23
111 23
112 23
113 23
114 23
115 185
116 23
117 23
118 23
119 23
120 23
121 23
122 23
48 23
49 23
50 23
51 23
52 23
53 23
54 23
55 23
56 23
57 23
65 23
66 23
67 23
68 23
69 23
70 23
71 23
72 23
73 23
74 23
75 23
76 23
77 23
78 23
79 23
80 23
81 23
82 23
83 23
84 23
85 23
86 23
87 23
88 23
89 23
90 23
95 23
97 23
98 23
99 23
100 23
101 23
102 23
103 23
104 23
105 23
106 23
107 23
108 23
109 23
110 23
111 23
112 23
113 23
114 23
115 23
116 186
117 23
118 23
119 23
120 23
121 23
122 23
48 23
49 23
50 23
51 23
52 23
53 23
54 23
55 23
56 23
57 23
65 23
66 23
67 23
68 23
69 23
70 23
71 23
72 23
73 23
74 23
75 23
76 23
77 23
78 23
79 23
80 23
81 23
82 23
83 23
84 23
85 23
86 23
87 23
88 23
89 23
90 23
95 23
97 23
98 23
99 23
100 23
101 23
102 23
103 23
104 23
105 187
106 23
107 23
108 23
109 23
110 23
111 23
112 23
113 23
114 23
115 23
116 23
117 23
118 23
119 23
120 23
121 23
122 23
48 23
49 23
50 23
51 23
52 23
53 23
54 23
55 23
56 23
57 23
65 23
66 23
67 23
68 23
69 23
70 23
71 23
72 23
73 23
74 23
75 23
76 23
77 23
78 23
79 23
80 23
81 23
82 23
83 23
84 23
85 23
86 23
87 23
88 23
89 23
90 23
95 23
97 23
98 23
99 23
100 23
101 23
102 23
103 23
104 23
105 23
106 23
107 23
108 23
109 23
110 23
111 23
112 23
113 23
114 23
115 23
116 23
117 23
118 23
119 23
120 23
121 23
122 23
48 23
49 23
50 23
51 23
52 23
53 23
54 23
55 23
56 23
57 23
65 23
66 23
67 23
68 23
69 23
70 23
71 23
72 23
73 23
74 23
75 23
76 23
77 23
78 23
79 23
80 23
81 23
82 23
83 23
84 23
85 23
86 23
87 23
88 23
89 23
90 23
95 23
97 23
98 23
99 23
100 23
101 23
102 23
103 23
104 23
105 23
106 23
107 23
108 23
109 23
110 23
111 23
112 23
113 23
114 23
115 23
116 23
117 188
118 23
119 23
120 23
121 23
122 23
48 23
49 23
50 23
51 23
52 23
53 23
54 23
55 23
56 23
57 23
65 23
66 23
67 23
68 23
69 23
70 23
71 23
72 23
73 23
74 23
75 23
76 23
77 23
78 23
79 23
80 23
81 23
82 23
83 23
84 23
85 23
86 23
87 23
88 23
89 23
90 23
95 23
97 23
98 23
99 23
100 23
101 23
102 23
103 23
104 23
105 23
106 23
107 23
108 23
109 23
110 23
111 23
112 23
113 23
114 23
115 23
116 189
117 23
118 23
119 23
120 23
121 23
122 23
48 23
49 23
50 23
51 23
52 23
53 23
54 23
55 23
56 23
57 23
65 23
66 23
67 23
68 23
69 23
70 23
71 23
72 23
73 23
74 23
75 23
76 23
77 23
78 23
79 23
80 23
81 23
82 23
83 23
84 23
85 23
86 23
87 23
88 23
89 23
90 23
95 23
97 23
98 23
99 23
100 23
101 23
102 23
103 23
104 23
105 23
106 23
107 23
108 190
109 23
110 23
111 23
112 23
113 23
114 23
115 23
116 23
117 23
118 23
119 23
120 23
121 23
122 23
48 23
49 23
50 23
51 23
52 23
53 23
54 23
55 23
56 23
57 23
65 23
66 23
67 23
68 23
69 23
70 23
71 23
72 23
73 23
74 23
75 23
76 23
77 23
78 23
79 23
80 23
81 23
82 23
83 23
84 23
85 23
86 23
87 23
88 23
89 23
90 23
95 23
97 23
98 23
99 23
100 23
101 23
102 23
103 23
104 23
105 23
106 23
107 23
108 23
109 23
110 23
111 23
112 23
113 23
114 23
115 23
116 23
117 23
118 23
119 23
120 23
121 23
122 23
48 23
49 23
50 23
51 23
52 23
53 23
54 23
55 23
56 23
57 23
65 23
66 23
67 23
68 23
69 23
70 23
71 23
72 23
73 23
74 23
75 23
76 23
77 23
78 23
79 23
80 23
81 23
82 23
83 23
84 23
85 23
86 23
87 23
88 23
89 23
90 23
95 23
97 23
98 23
99 23
100 23
101 23
102 23
103 23
104 23
105 23
106 23
107 23
108 23
109 23
110 23
111 23
112 23
113 23
114 23
115 23
116 23
117 23
118 23
119 23
120 23
121 23
122 23
48 23
49 23
50 23
51 23
52 23
53 23
54 23
55 23
56 23
57 23
65 23
66 23
67 23
68 23
69 23
70 23
71 23
72 23
73 23
74 23
75 23
76 23
77 23
78 23
79 23
80 23
81 23
82 23
83 23
84 23
85 23
86 23
87 23
88 23
89 23
90 23
95 23
97 23
98 23
99 23
100 23
101 191
102 23
103 23
104 23
105 23
106 23
107 23
108 23
109 23
110 23
111 23
112 23
113 23
114 23
115 23
116 23
117 23
118 23
119 23
120 23
121 23
122 23
48 23
49 23
50 23
51 23
52 23
53 23
54 23
55 23
56 23
57 23
65 23
66 23
67 23
68 23
69 23
70 23
71 23
72 23
73 23
74 23
75 23
76 23
77 23
78 23
79 23
80 23
81 23
82 23
83 23
84 23
85 23
86 23
87 23
88 23
89 23
90 23
95 23
97 23
98 23
99 23
100 23
101 23
102 23
103 23
104 23
105 23
106 23
107 23
108 23
109 23
110 23
111 23
112 23
113 23
114 23
115 23
116 192
117 23
118 23
119 23
120 23
121 23
122 23
48 23
49 23
50 23
51 23
52 23
53 23
54 23
55 23
56 23
57 23
65 23
66 23
67 23
68 23
69 23
70 23
71 23
72 23
73 23
74 23
75 23
76 23
77 23
78 23
79 23
80 23
81 23
82 23
83 23
84 23
85 23
86 23
87 23
88 23
89 23
90 23
95 23
97 23
98 23
99 23
100 23
101 23
102 23
103 23
104 23
105 23
106 23
107 23
108 23
109 23
110 23
111 23
112 23
113 23
114 23
115 23
116 23
117 23
118 23
119 23
120 23
121 23
122 23
48 23
49 23
50 23
51 23
52 23
53 23
54 23
55 23
56 23
57 23
65 23
66 23
67 23
68 23
69 23
70 23
71 23
72 23
73 23
74 23
75 23
76 23
77 23
78 23
79 23
80 23
81 23
82 23
83 23
84 23
85 23
86 23
87 23
88 23
89 23
90 23
95 23
97 23
98 23
99 23
100 23
101 23
102 23
103 23
104 23
105 23
106 23
107 23
108 23
109 23
110 23
111 23
112 23
113 23
114 23
115 23
116 23
117 23
118 23
119 23
120 23
121 23
122 23
48 23
49 23
50 23
51 23
52 23
53 23
54 23
55 23
56 23
57 23
65 23
66 23
67 23
68 23
69 23
70 23
71 23
72 23
73 23
74 23
75 23
76 23
77 23
78 23
79 23
80 23
81 23
82 23
83 23
84 23
85 23
86 23
87 23
88 23
89 23
90 23
95 23
97 23
98 23
99 23
100 23
101 23
102 23
103 23
104 23
105 23
106 23
107 23
108 23
109 23
110 23
111 23
112 23
113 23
114 23
115 193
116 23
117 23
118 23
119 23
120 23
121 23
122 23
48 23
49 23
50 23
51 23
52 23
53 23
54 23
55 23
56 23
57 23
65 23
66 23
67 23
68 23
69 23
70 23
71 23
72 23
73 23
74 23
75 23
76 23
77 23
78 23
79 23
80 23
81 23
82 23
83 23
84 23
85 23
86 23
87 23
88 23
89 23
90 23
95 23
97 194
98 23
99 23
100 23
101 23
102 23
103 23
104 23
105 23
106 23
107 23
108 23
109 23
110 23
111 23
112 23
113 23
114 23
115 23
116 23
117 23
118 23
119 23
120 23
121 23
122 23
48 23
49 23
50 23
51 23
52 23
53 23
54 23
55 23
56 23
57 23
65 23
66 23
67 23
68 23
69 23
70 23
71 23
72 23
73 23
74 23
75 23
76 23
77 23
78 23
79 23
80 23
81 23
82 23
83 23
84 23
85 23
86 23
87 23
88 23
89 23
90 23
95 23
97 23
98 23
99 23
100 23
101 195
102 23
103 23
104 23
105 23
106 23
107 23
108 23
109 23
110 23
111 23
112 23
113 23
114 23
115 23
116 23
117 23
118 23
119 23
120 23
121 23
122 23
48 23
49 23
50 23
51 23
52 23
53 23
54 23
55 23
56 23
57 23
65 23
66 23
67 23
68 23
69 23
70 23
71 23
72 23
73 23
74 23
75 23
76 23
77 23
78 23
79 23
80 23
81 23
82 23
83 23
84 23
85 23
86 23
87 23
88 23
89 23
90 23
95 23
97 23
98 23
99 23
100 23
101 23
102 23
103 23
104 23
105 196
106 23
107 23
108 23
109 23
110 23
111 23
112 23
113 23
114 23
115 23
116 23
117 23
118 23
119 23
120 23
121 23
122 23
48 23
49 23
50 23
51 23
52 23
53 23
54 23
55 23
56 23
57 23
65 23
66 23
67 23
68 23
69 23
70 23
71 23
72 23
73 23
74 23
75 23
76 23
77 23
78 23
79 23
80 23
81 23
82 23
83 23
84 23
85 23
86 23
87 23
88 23
89 23
90 23
95 23
97 23
98 23
99 23
100 23
101 23
102 23
103 23
104 23
105 23
106 23
107 23
108 23
109 23
110 23
111 23
112 23
113 23
114 197
115 23
116 23
117 23
118 23
119 23
120 23
121 23
122 23
48 23
49 23
50 23
51 23
52 23
53 23
54 23
55 23
56 23
57 23
65 23
66 23
67 23
68 23
69 23
70 23
71 23
72 23
73 23
74 23
75 23
76 23
77 23
78 23
79 23
80 23
81 23
82 23
83 23
84 23
85 23
86 23
87 23
88 23
89 23
90 23
95 23
97 23
98 23
99 23
100 23
101 23
102 23
103 23
104 23
105 23
106 23
107 23
108 23
109 23
110 23
111 23
112 23
113 23
114 23
115 23
116 198
117 23
118 23
119 23
120 23
121 23
122 23
48 23
49 23
50 23
51 23
52 23
53 23
54 23
55 23
56 23
57 23
65 23
66 23
67 23
68 23
69 23
70 23
71 23
72 23
73 23
74 23
75 23
76 23
77 23
78 23
79 23
80 23
81 23
82 23
83 23
84 23
85 23
86 23
87 23
88 23
89 23
90 23
95 23
97 23
98 23
99 23
100 23
101 23
102 23
103 23
104 23
105 23
106 23
107 23
108 23
109 23
110 23
111 199
112 23
113 23
114 23
115 23
116 23
117 23
118 23
119 23
120 23
121 23
122 23
48 23
49 23
50 23
51 23
52 23
53 23
54 23
55 23
56 23
57 23
65 23
66 23
67 23
68 23
69 23
70 23
71 23
72 23
73 23
74 23
75 23
76 23
77 23
78 23
79 23
80 23
81 23
82 23
83 23
84 23
85 23
86 23
87 23
88 23
89 23
90 23
95 23
97 23
98 23
99 23
100 23
101 23
102 23
103 23
104 23
105 200
106 23
107 23
108 23
109 23
110 23
111 23
112 23
113 23
114 23
115 23
116 23
117 23
118 23
119 23
120 23
121 23
122 23
48 23
49 23
50 23
51 23
52 23
53 23
54 23
55 23
56 23
57 23
65 23
66 23
67 23
68 23
69 23
70 23
71 23
72 23
73 23
74 23
75 23
76 23
77 23
78 23
79 23
80 23
81 23
82 23
83 23
84 23
85 23
86 23
87 23
88 23
89 23
90 23
95 23
97 23
98 23
99 201
100 23
101 23
102 23
103 23
104 23
105 23
106 23
107 23
108 23
109 23
110 23
111 23
112 23
113 23
114 23
115 23
116 23
117 23
118 23
119 23
120 23
121 23
122 23
48 23
49 23
50 23
51 23
52 23
53 23
54 23
55 23
56 23
57 23
65 23
66 23
67 23
68 23
69 23
70 23
71 23
72 23
73 23
74 23
75 23
76 23
77 23
78 23
79 23
80 23
81 23
82 23
83 23
84 23
85 23
86 23
87 23
88 23
89 23
90 23
95 23
97 23
98 23
99 202
100 23
101 23
102 23
103 23
104 23
105 23
106 23
107 23
108 23
109 23
110 23
111 23
112 23
113 23
114 23
115 23
116 23
117 23
118 23
119 23
120 23
121 23
122 23
48 23
49 23
50 23
51 23
52 23
53 23
54 23
55 23
56 23
57 23
65 23
66 23
67 23
68 23
69 23
70 23
71 23
72 23
73 23
74 23
75 23
76 23
77 23
78 23
79 23
80 23
81 23
82 23
83 23
84 23
85 23
86 23
87 23
88 23
89 23
90 23
95 23
97 23
98 23
99 23
100 23
101 23
102 23
103 23
104 23
105 23
106 23
107 23
108 203
109 23
110 23
111 23
112 23
113 23
114 23
115 23
116 23
117 23
118 23
119 23
120 23
121 23
122 23
48 23
49 23
50 23
51 23
52 23
53 23
54 23
55 23
56 23
57 23
65 23
66 23
67 23
68 23
69 23
70 23
71 23
72 23
73 23
74 23
75 23
76 23
77 23
78 23
79 23
80 23
81 23
82 23
83 23
84 23
85 23
86 23
87 23
88 23
89 23
90 23
95 23
97 23
98 23
99 23
100 23
101 23
102 23
103 23
104 23
105 23
106 23
107 23
108 23
109 23
110 23
111 23
112 23
113 23
114 23
115 23
116 23
117 23
118 23
119 23
120 23
121 23
122 23
48 23
49 23
50 23
51 23
52 23
53 23
54 23
55 23
56 23
57 23
65 23
66 23
67 23
68 23
69 23
70 23
71 23
72 23
73 23
74 23
75 23
76 23
77 23
78 23
79 23
80 23
81 23
82 23
83 23
84 23
85 23
86 23
87 23
88 23
89 23
90 23
95 23
97 23
98 23
99 23
100 23
101 23
102 23
103 23
104 23
105 23
106 23
107 23
108 23
109 23
110 23
111 23
112 23
113 23
114 23
115 23
116 23
117 23
118 23
119 204
120 23
121 23
122 23
48 23
49 23
50 23
51 23
52 23
53 23
54 23
55 23
56 23
57 23
65 23
66 23
67 23
68 23
69 23
70 23
71 23
72 23
73 23
74 23
75 23
76 23
77 23
78 23
79 23
80 23
81 23
82 23
83 23
84 23
85 23
86 23
87 23
88 23
89 23
90 23
95 23
97 23
98 23
99 23
100 23
101 23
102 23
103 23
104 23
105 23
106 23
107 23
108 23
109 23
110 23
111 23
112 23
113 23
114 23
115 23
116 23
117 23
118 23
119 23
120 23
121 23
122 23
48 23
49 23
50 23
51 23
52 23
53 23
54 23
55 23
56 23
57 23
65 23
66 23
67 23
68 23
69 23
70 23
71 23
72 23
73 23
74 23
75 23
76 23
77 23
78 23
79 23
80 23
81 23
82 23
83 23
84 23
85 23
86 23
87 23
88 23
89 23
90 23
95 23
97 23
98 23
99 23
100 23
101 23
102 23
103 23
104 23
105 23
106 23
107 23
108 23
109 23
110 205
111 23
112 23
113 23
114 23
115 23
116 23
117 23
118 23
119 23
120 23
121 23
122 23
48 23
49 23
50 23
51 23
52 23
53 23
54 23
55 23
56 23
57 23
65 23
66 23
67 23
68 23
69 23
70 23
71 23
72 23
73 23
74 23
75 23
76 23
77 23
78 23
79 23
80 23
81 23
82 23
83 23
84 23
85 23
86 23
87 23
88 23
89 23
90 23
95 23
97 23
98 23
99 23
100 23
101 23
102 23
103 206
104 23
105 23
106 23
107 23
108 23
109 23
110 23
111 23
112 23
113 23
114 23
115 23
116 23
117 23
118 23
119 23
120 23
121 23
122 23
48 23
49 23
50 23
51 23
52 23
53 23
54 23
55 23
56 23
57 23
65 23
66 23
67 23
68 23
69 23
70 23
71 23
72 23
73 23
74 23
75 23
76 23
77 23
78 23
79 23
80 23
81 23
82 23
83 23
84 23
85 23
86 23
87 23
88 23
89 23
90 23
95 23
97 23
98 23
99 23
100 23
101 23
102 23
103 23
104 23
105 23
106 23
107 23
108 23
109 23
110 23
111 23
112 23
113 23
114 23
115 23
116 23
117 23
118 23
119 23
120 23
121 23
122 23
48 23
49 23
50 23
51 23
52 23
53 23
54 23
55 23
56 23
57 23
65 23
66 23
67 23
68 23
69 23
70 23
71 23
72 23
73 23
74 23
75 23
76 23
77 23
78 23
79 23
80 23
81 23
82 23
83 23
84 23
85 23
86 23
87 23
88 23
89 23
90 23
95 23
97 23
98 23
99 23
100 23
101 207
102 23
103 23
104 23
105 23
106 23
107 23
108 23
109 23
110 23
111 23
112 23
113 23
114 23
115 23
116 23
117 23
118 23
119 23
120 23
121 23
122 23
48 23
49 23
50 23
51 23
52 23
53 23
54 23
55 23
56 23
57 23
65 23
66 23
67 23
68 23
69 23
70 23
71 23
72 23
73 23
74 23
75 23
76 23
77 23
78 23
79 23
80 23
81 23
82 23
83 23
84 23
85 23
86 23
87 23
88 23
89 23
90 23
95 23
97 23
98 23
99 23
100 23
101 23
102 23
103 23
104 23
105 23
106 23
107 23
108 23
109 23
110 23
111 23
112 23
113 23
114 23
115 23
116 23
117 23
118 23
119 23
120 23
121 23
122 23
48 23
49 23
50 23
51 23
52 23
53 23
54 23
55 23
56 23
57 23
65 23
66 23
67 23
68 23
69 23
70 23
71 23
72 23
73 23
74 23
75 23
76 23
77 23
78 23
79 23
80 23
81 23
82 23
83 23
84 23
85 23
86 23
87 23
88 23
89 23
90 23
95 23
97 23
98 23
99 23
100 23
101 23
102 23
103 23
104 23
105 23
106 23
107 23
108 23
109 23
110 23
111 23
112 23
113 23
114 23
115 23
116 23
117 23
118 23
119 23
120 23
121 23
122 23
48 23
49 23
50 23
51 23
52 23
53 23
54 23
55 23
56 23
57 23
65 23
66 23
67 23
68 23
69 23
70 23
71 23
72 23
73 23
74 23
75 23
76 23
77 23
78 23
79 23
80 23
81 23
82 23
83 23
84 23
85 23
86 23
87 23
88 23
89 23
90 23
95 23
97 23
98 23
99 23
100 23
101 23
102 23
103 23
104 23
105 23
106 23
107 23
108 23
109 23
110 23
111 23
112 23
113 23
114 23
115 23
116 23
117 23
118 23
119 23
120 23
121 23
122 23
48 23
49 23
50 23
51 23
52 23
53 23
54 23
55 23
56 23
57 23
65 23
66 23
67 23
68 23
69 23
70 23
71 23
72 23
73 23
74 23
75 23
76 23
77 23
78 23
79 23
80 23
81 23
82 23
83 23
84 23
85 23
86 23
87 23
88 23
89 23
90 23
95 23
97 23
98 23
99 23
100 23
101 23
102 23
103 23
104 23
105 23
106 23
107 23
108 23
109 23
110 23
111 23
112 23
113 23
114 23
115 23
116 23
117 23
118 23
119 23
120 23
121 23
122 23
48 23
49 23
50 23
51 23
52 23
53 23
54 23
55 23
56 23
57 23
65 23
66 23
67 23
68 23
69 23
70 23
71 23
72 23
73 23
74 23
75 23
76 23
77 23
78 23
79 23
80 23
81 23
82 23
83 23
84 23
85 23
86 23
87 23
88 23
89 23
90 23
95 23
97 23
98 23
99 23
100 23
101 23
102 23
103 23
104 23
105 23
106 23
107 23
108 23
109 23
110 208
111 23
112 23
113 23
114 23
115 23
116 23
117 23
118 23
119 23
120 23
121 23
122 23
48 23
49 23
50 23
51 23
52 23
53 23
54 23
55 23
56 23
57 23
65 23
66 23
67 23
68 23
69 23
70 23
71 23
72 23
73 23
74 23
75 23
76 23
77 23
78 23
79 23
80 23
81 23
82 23
83 23
84 23
85 23
86 23
87 23
88 23
89 23
90 23
95 23
97 23
98 23
99 23
100 23
101 23
102 23
103 23
104 23
105 23
106 23
107 23
108 209
109 23
110 23
111 23
112 23
113 23
114 23
115 23
116 23
117 23
118 23
119 23
120 23
121 23
122 23
48 23
49 23
50 23
51 23
52 23
53 23
54 23
55 23
56 23
57 23
65 23
66 23
67 23
68 23
69 23
70 23
71 23
72 23
73 23
74 23
75 23
76 23
77 23
78 23
79 23
80 23
81 23
82 23
83 23
84 23
85 23
86 23
87 23
88 23
89 23
90 23
95 23
97 23
98 23
99 23
100 23
101 210
102 23
103 23
104 23
105 23
106 23
107 23
108 23
109 23
110 23
111 23
112 23
113 23
114 23
115 23
116 23
117 23
118 23
119 23
120 23
121 23
122 23
48 23
49 23
50 23
51 23
52 23
53 23
54 23
55 23
56 23
57 23
65 23
66 23
67 23
68 23
69 23
70 23
71 23
72 23
73 23
74 23
75 23
76 23
77 23
78 23
79 23
80 23
81 23
82 23
83 23
84 23
85 23
86 23
87 23
88 23
89 23
90 23
95 23
97 23
98 23
99 23
100 23
101 211
102 23
103 23
104 23
105 23
106 23
107 23
108 23
109 23
110 23
111 23
112 23
113 23
114 23
115 23
116 23
117 23
118 23
119 23
120 23
121 23
122 23
48 23
49 23
50 23
51 23
52 23
53 23
54 23
55 23
56 23
57 23
65 23
66 23
67 23
68 23
69 23
70 23
71 23
72 23
73 23
74 23
75 23
76 23
77 23
78 23
79 23
80 23
81 23
82 23
83 23
84 23
85 23
86 23
87 23
88 23
89 23
90 23
95 23
97 23
98 23
99 23
100 23
101 23
102 23
103 23
104 23
105 23
106 23
107 23
108 23
109 23
110 23
111 23
112 23
113 23
114 23
115 23
116 23
117 23
118 23
119 23
120 23
121 23
122 23
48 23
49 23
50 23
51 23
52 23
53 23
54 23
55 23
56 23
57 23
65 23
66 23
67 23
68 23
69 23
70 23
71 23
72 23
73 23
74 23
75 23
76 23
77 23
78 23
79 23
80 23
81 23
82 23
83 23
84 23
85 23
86 23
87 23
88 23
89 23
90 23
95 23
97 23
98 23
99 23
100 23
101 23
102 23
103 23
104 23
105 23
106 23
107 23
108 23
109 23
110 23
111 23
112 23
113 23
114 23
115 23
116 23
117 23
118 23
119 23
120 23
121 23
122 23
48 23
49 23
50 23
51 23
52 23
53 23
54 23
55 23
56 23
57 23
65 23
66 23
67 23
68 23
69 23
70 23
71 23
72 23
73 23
74 23
75 23
76 23
77 23
78 23
79 23
80 23
81 23
82 23
83 23
84 23
85 23
86 23
87 23
88 23
89 23
90 23
95 23
97 23
98 23
99 23
100 23
101 23
102 23
103 23
104 23
105 23
106 23
107 23
108 23
109 23
110 23
111 23
112 212
113 23
114 23
115 23
116 23
117 23
118 23
119 23
120 23
121 23
122 23
48 23
49 23
50 23
51 23
52 23
53 23
54 23
55 23
56 23
57 23
65 23
66 23
67 23
68 23
69 23
70 23
71 23
72 23
73 23
74 23
75 23
76 23
77 23
78 23
79 23
80 23
81 23
82 23
83 23
84 23
85 23
86 23
87 23
88 23
89 23
90 23
95 23
97 23
98 23
99 23
100 23
101 23
102 23
103 23
104 23
105 23
106 23
107 23
108 23
109 23
110 23
111 23
112 23
113 23
114 23
115 23
116 213
117 23
118 23
119 23
120 23
121 23
122 23
48 23
49 23
50 23
51 23
52 23
53 23
54 23
55 23
56 23
57 23
65 23
66 23
67 23
68 23
69 23
70 23
71 23
72 23
73 23
74 23
75 23
76 23
77 23
78 23
79 23
80 23
81 23
82 23
83 23
84 23
85 23
86 23
87 23
88 23
89 23
90 23
95 23
97 23
98 23
99 214
100 23
101 23
102 23
103 23
104 23
105 23
106 23
107 23
108 23
109 23
110 23
111 23
112 23
113 23
114 23
115 23
116 23
117 23
118 23
119 23
120 23
121 23
122 23
48 23
49 23
50 23
51 23
52 23
53 23
54 23
55 23
56 23
57 23
65 23
66 23
67 23
68 23
69 23
70 23
71 23
72 23
73 23
74 23
75 23
76 23
77 23
78 23
79 23
80 23
81 23
82 23
83 23
84 23
85 23
86 23
87 23
88 23
89 23
90 23
95 23
97 23
98 23
99 215
100 23
101 23
102 23
103 23
104 23
105 23
106 23
107 23
108 23
109 23
110 23
111 23
112 23
113 23
114 23
115 23
116 23
117 23
118 23
119 23
120 23
121 23
122 23
48 23
49 23
50 23
51 23
52 23
53 23
54 23
55 23
56 23
57 23
65 23
66 23
67 23
68 23
69 23
70 23
71 23
72 23
73 23
74 23
75 23
76 23
77 23
78 23
79 23
80 23
81 23
82 23
83 23
84 23
85 23
86 23
87 23
88 23
89 23
90 23
95 23
97 23
98 23
99 23
100 23
101 23
102 23
103 23
104 23
105 23
106 23
107 23
108 23
109 23
110 216
111 23
112 23
113 23
114 23
115 23
116 23
117 23
118 23
119 23
120 23
121 23
122 23
48 23
49 23
50 23
51 23
52 23
53 23
54 23
55 23
56 23
57 23
65 23
66 23
67 23
68 23
69 23
70 23
71 23
72 23
73 23
74 23
75 23
76 23
77 23
78 23
79 23
80 23
81 23
82 23
83 23
84 23
85 23
86 23
87 23
88 23
89 23
90 23
95 23
97 23
98 23
99 23
100 23
101 23
102 23
103 23
104 23
105 23
106 23
107 23
108 23
109 23
110 23
111 23
112 23
113 23
114 23
115 23
116 23
117 23
118 23
119 23
120 23
121 23
122 23
48 23
49 23
50 23
51 23
52 23
53 23
54 23
55 23
56 23
57 23
65 23
66 23
67 23
68 23
69 23
70 23
71 23
72 23
73 23
74 23
75 23
76 23
77 23
78 23
79 23
80 23
81 23
82 23
83 23
84 23
85 23
86 23
87 23
88 23
89 23
90 23
95 23
97 23
98 23
99 23
100 23
101 23
102 217
103 23
104 23
105 23
106 23
107 23
108 23
109 23
110 23
111 23
112 23
113 23
114 23
115 23
116 23
117 23
118 23
119 23
120 23
121 23
122 23
48 23
49 23
50 23
51 23
52 23
53 23
54 23
55 23
56 23
57 23
65 23
66 23
67 23
68 23
69 23
70 23
71 23
72 23
73 23
74 23
75 23
76 23
77 23
78 23
79 23
80 23
81 23
82 23
83 23
84 23
85 23
86 23
87 23
88 23
89 23
90 23
95 23
97 23
98 23
99 218
100 23
101 23
102 23
103 23
104 23
105 23
106 23
107 23
108 23
109 23
110 23
111 23
112 23
113 23
114 23
115 23
116 23
117 23
118 23
119 23
120 23
121 23
122 23
48 23
49 23
50 23
51 23
52 23
53 23
54 23
55 23
56 23
57 23
65 23
66 23
67 23
68 23
69 23
70 23
71 23
72 23
73 23
74 23
75 23
76 23
77 23
78 23
79 23
80 23
81 23
82 23
83 23
84 23
85 23
86 23
87 23
88 23
89 23
90 23
95 23
97 23
98 23
99 23
100 23
101 23
102 23
103 23
104 23
105 23
106 23
107 23
108 23
109 23
110 23
111 23
112 23
113 23
114 23
115 23
116 219
117 23
118 23
119 23
120 23
121 23
122 23
48 23
49 23
50 23
51 23
52 23
53 23
54 23
55 23
56 23
57 23
65 23
66 23
67 23
68 23
69 23
70 23
71 23
72 23
73 23
74 23
75 23
76 23
77 23
78 23
79 23
80 23
81 23
82 23
83 23
84 23
85 23
86 23
87 23
88 23
89 23
90 23
95 23
97 23
98 23
99 23
100 23
101 23
102 23
103 23
104 220
105 23
106 23
107 23
108 23
109 23
110 23
111 23
112 23
113 23
114 23
115 23
116 23
117 23
118 23
119 23
120 23
121 23
122 23
48 23
49 23
50 23
51 23
52 23
53 23
54 23
55 23
56 23
57 23
65 23
66 23
67 23
68 23
69 23
70 23
71 23
72 23
73 23
74 23
75 23
76 23
77 23
78 23
79 23
80 23
81 23
82 23
83 23
84 23
85 23
86 23
87 23
88 23
89 23
90 23
95 23
97 221
98 23
99 23
100 23
101 23
102 23
103 23
104 23
105 23
106 23
107 23
108 23
109 23
110 23
111 23
112 23
113 23
114 23
115 23
116 23
117 23
118 23
119 23
120 23
121 23
122 23
48 23
49 23
50 23
51 23
52 23
53 23
54 23
55 23
56 23
57 23
65 23
66 23
67 23
68 23
69 23
70 23
71 23
72 23
73 23
74 23
75 23
76 23
77 23
78 23
79 23
80 23
81 23
82 23
83 23
84 23
85 23
86 23
87 23
88 23
89 23
90 23
95 23
97 23
98 23
99 23
100 23
101 23
102 23
103 23
104 23
105 23
106 23
107 23
108 23
109 23
110 23
111 23
112 23
113 23
114 23
115 23
116 23
117 23
118 23
119 23
120 23
121 23
122 23
48 23
49 23
50 23
51 23
52 23
53 23
54 23
55 23
56 23
57 23
65 23
66 23
67 23
68 23
69 23
70 23
71 23
72 23
73 23
74 23
75 23
76 23
77 23
78 23
79 23
80 23
81 23
82 23
83 23
84 23
85 23
86 23
87 23
88 23
89 23
90 23
95 23
97 222
98 23
99 23
100 23
101 23
102 23
103 23
104 23
105 23
106 23
107 23
108 23
109 23
110 23
111 23
112 23
113 23
114 23
115 23
116 23
117 23
118 23
119 23
120 23
121 23
122 23
48 23
49 23
50 23
51 23
52 23
53 23
54 23
55 23
56 23
57 23
65 23
66 23
67 23
68 23
69 23
70 23
71 23
72 23
73 23
74 23
75 23
76 23
77 23
78 23
79 23
80 23
81 23
82 23
83 23
84 23
85 23
86 23
87 23
88 23
89 23
90 23
95 23
97 23
98 23
99 23
100 23
101 23
102 23
103 23
104 23
105 23
106 23
107 23
108 23
109 23
110 23
111 23
112 23
113 23
114 23
115 23
116 23
117 23
118 23
119 23
120 23
121 23
122 23
48 23
49 23
50 23
51 23
52 23
53 23
54 23
55 23
56 23
57 23
65 23
66 23
67 23
68 23
69 23
70 23
71 23
72 23
73 23
74 23
75 23
76 23
77 23
78 23
79 23
80 23
81 23
82 23
83 23
84 23
85 23
86 23
87 23
88 23
89 23
90 23
95 23
97 23
98 23
99 23
100 23
101 23
102 23
103 23
104 23
105 23
106 23
107 23
108 23
109 23
110 23
111 23
112 23
113 23
114 23
115 23
116 23
117 23
118 23
119 23
120 23
121 23
122 23
48 23
49 23
50 23
51 23
52 23
53 23
54 23
55 23
56 23
57 23
65 23
66 23
67 23
68 23
69 23
70 23
71 23
72 23
73 23
74 23
75 23
76 23
77 23
78 23
79 23
80 23
81 23
82 23
83 23
84 23
85 23
86 23
87 23
88 23
89 23
90 23
95 23
97 23
98 23
99 23
100 23
101 23
102 23
103 23
104 23
105 23
106 23
107 23
108 23
109 23
110 23
111 23
112 23
113 23
114 23
115 23
116 23
117 223
118 23
119 23
120 23
121 23
122 23
48 23
49 23
50 23
51 23
52 23
53 23
54 23
55 23
56 23
57 23
65 23
66 23
67 23
68 23
69 23
70 23
71 23
72 23
73 23
74 23
75 23
76 23
77 23
78 23
79 23
80 23
81 23
82 23
83 23
84 23
85 23
86 23
87 23
88 23
89 23
90 23
95 23
97 23
98 23
99 23
100 23
101 23
102 23
103 23
104 23
105 23
106 23
107 23
108 23
109 23
110 23
111 23
112 23
113 23
114 23
115 23
116 224
117 23
118 23
119 23
120 23
121 23
122 23
48 23
49 23
50 23
51 23
52 23
53 23
54 23
55 23
56 23
57 23
65 23
66 23
67 23
68 23
69 23
70 23
71 23
72 23
73 23
74 23
75 23
76 23
77 23
78 23
79 23
80 23
81 23
82 23
83 23
84 23
85 23
86 23
87 23
88 23
89 23
90 23
95 23
97 23
98 23
99 23
100 23
101 23
102 23
103 23
104 23
105 23
106 23
107 23
108 23
109 23
110 23
111 23
112 23
113 23
114 23
115 23
116 23
117 23
118 23
119 23
120 23
121 23
122 23
48 23
49 23
50 23
51 23
52 23
53 23
54 23
55 23
56 23
57 23
65 23
66 23
67 23
68 23
69 23
70 23
71 23
72 23
73 23
74 23
75 23
76 23
77 23
78 23
79 23
80 23
81 23
82 23
83 23
84 23
85 23
86 23
87 23
88 23
89 23
90 23
95 23
97 23
98 23
99 23
100 23
101 23
102 23
103 23
104 23
105 23
106 23
107 23
108 23
109 23
110 23
111 23
112 23
113 23
114 23
115 23
116 23
117 23
118 23
119 23
120 23
121 23
122 23
48 23
49 23
50 23
51 23
52 23
53 23
54 23
55 23
56 23
57 23
65 23
66 23
67 23
68 23
69 23
70 23
71 23
72 23
73 23
74 23
75 23
76 23
77 23
78 23
79 23
80 23
81 23
82 23
83 23
84 23
85 23
86 23
87 23
88 23
89 23
90 23
95 23
97 225
98 23
99 23
100 23
101 23
102 23
103 23
104 23
105 23
106 23
107 23
108 23
109 23
110 23
111 23
112 23
113 23
114 23
115 23
116 23
117 23
118 23
119 23
120 23
121 23
122 23
48 23
49 23
50 23
51 23
52 23
53 23
54 23
55 23
56 23
57 23
65 23
66 23
67 23
68 23
69 23
70 23
71 23
72 23
73 23
74 23
75 23
76 23
77 23
78 23
79 23
80 23
81 23
82 23
83 23
84 23
85 23
86 23
87 23
88 23
89 23
90 23
95 23
97 23
98 23
99 23
100 23
101 226
102 23
103 23
104 23
105 23
106 23
107 23
108 23
109 23
110 23
111 23
112 23
113 23
114 23
115 23
116 23
117 23
118 23
119 23
120 23
121 23
122 23
48 23
49 23
50 23
51 23
52 23
53 23
54 23
55 23
56 23
57 23
65 23
66 23
67 23
68 23
69 23
70 23
71 23
72 23
73 23
74 23
75 23
76 23
77 23
78 23
79 23
80 23
81 23
82 23
83 23
84 23
85 23
86 23
87 23
88 23
89 23
90 23
95 23
97 23
98 23
99 23
100 23
101 23
102 23
103 23
104 23
105 23
106 23
107 23
108 23
109 23
110 23
111 23
112 23
113 23
114 23
115 23
116 227
117 23
118 23
119 23
120 23
121 23
122 23
48 23
49 23
50 23
51 23
52 23
53 23
54 23
55 23
56 23
57 23
65 23
66 23
67 23
68 23
69 23
70 23
71 23
72 23
73 23
74 23
75 23
76 23
77 23
78 23
79 23
80 23
81 23
82 23
83 23
84 23
85 23
86 23
87 23
88 23
89 23
90 23
95 23
97 23
98 23
99 23
100 23
101 23
102 23
103 23
104 23
105 23
106 23
107 23
108 23
109 23
110 23
111 23
112 23
113 23
114 23
115 23
116 23
117 23
118 23
119 23
120 23
121 23
122 23
48 23
49 23
50 23
51 23
52 23
53 23
54 23
55 23
56 23
57 23
65 23
66 23
67 23
68 23
69 23
70 23
71 23
72 23
73 23
74 23
75 23
76 23
77 23
78 23
79 23
80 23
81 23
82 23
83 23
84 23
85 23
86 23
87 23
88 23
89 23
90 23
95 23
97 23
98 23
99 23
100 23
101 23
102 23
103 23
104 23
105 23
106 23
107 23
108 23
109 23
110 23
111 23
112 23
113 23
114 23
115 23
116 23
117 23
118 23
119 23
120 23
121 23
122 23
48 23
49 23
50 23
51 23
52 23
53 23
54 23
55 23
56 23
57 23
65 23
66 23
67 23
68 23
69 23
70 23
71 23
72 23
73 23
74 23
75 23
76 23
77 23
78 23
79 23
80 23
81 23
82 23
83 23
84 23
85 23
86 23
87 23
88 23
89 23
90 23
95 23
97 23
98 23
99 23
100 23
101 23
102 23
103 23
104 23
105 23
106 23
107 23
108 23
109 23
110 23
111 23
112 23
113 23
114 23
115 23
116 23
117 23
118 23
119 23
120 23
121 23
122 23
48 23
49 23
50 23
51 23
52 23
53 23
54 23
55 23
56 23
57 23
65 23
66 23
67 23
68 23
69 23
70 23
71 23
72 23
73 23
74 23
75 23
76 23
77 23
78 23
79 23
80 23
81 23
82 23
83 23
84 23
85 23
86 23
87 23
88 23
89 23
90 23
95 23
97 23
98 23
99 23
100 23
101 23
102 23
103 23
104 23
105 23
106 23
107 23
108 23
109 23
110 23
111 23
112 23
113 23
114 23
115 23
116 23
117 23
118 23
119 23
120 23
121 23
122 23
48 23
49 23
50 23
51 23
52 23
53 23
54 23
55 23
56 23
57 23
65 23
66 23
67 23
68 23
69 23
70 23
71 23
72 23
73 23
74 23
75 23
76 23
77 23
78 23
79 23
80 23
81 23
82 23
83 23
84 23
85 23
86 23
87 23
88 23
89 23
90 23
95 23
97 23
98 23
99 23
100 23
101 23
102 23
103 23
104 23
105 23
106 23
107 23
108 23
109 23
110 23
111 23
112 23
113 23
114 23
115 23
116 23
117 23
118 23
119 23
120 23
121 23
122 23
48 23
49 23
50 23
51 23
52 23
53 23
54 23
55 23
56 23
57 23
65 23
66 23
67 23
68 23
69 23
70 23
71 23
72 23
73 23
74 23
75 23
76 23
77 23
78 23
79 23
80 23
81 23
82 23
83 23
84 23
85 23
86 23
87 23
88 23
89 23
90 23
95 23
97 23
98 23
99 23
100 23
101 23
102 23
103 23
104 23
105 23
106 23
107 23
108 23
109 23
110 23
111 23
112 23
113 23
114 23
115 23
116 23
117 23
118 23
119 23
120 23
121 23
122 23
48 23
49 23
50 23
51 23
52 23
53 23
54 23
55 23
56 23
57 23
65 23
66 23
67 23
68 23
69 23
70 23
71 23
72 23
73 23
74 23
75 23
76 23
77 23
78 23
79 23
80 23
81 23
82 23
83 23
84 23
85 23
86 23
87 23
88 23
89 23
90 23
95 23
97 23
98 23
99 23
100 23
101 23
102 23
103 23
104 23
105 23
106 23
107 23
108 23
109 23
110 23
111 23
112 23
113 23
114 23
115 23
116 228
117 23
118 23
119 23
120 23
121 23
122 23
48 23
49 23
50 23
51 23
52 23
53 23
54 23
55 23
56 23
57 23
65 23
66 23
67 23
68 23
69 23
70 23
71 23
72 23
73 23
74 23
75 23
76 23
77 23
78 23
79 23
80 23
81 23
82 23
83 23
84 23
85 23
86 23
87 23
88 23
89 23
90 23
95 23
97 23
98 23
99 23
100 23
101 23
102 23
103 23
104 23
105 23
106 23
107 23
108 23
109 229
110 23
111 23
112 23
113 23
114 23
115 23
116 23
117 23
118 23
119 23
120 23
121 23
122 23
48 23
49 23
50 23
51 23
52 23
53 23
54 23
55 23
56 23
57 23
65 23
66 23
67 23
68 23
69 23
70 23
71 23
72 23
73 23
74 23
75 23
76 23
77 23
78 23
79 23
80 23
81 23
82 23
83 23
84 23
85 23
86 23
87 23
88 23
89 23
90 23
95 23
97 23
98 23
99 23
100 23
101 230
102 23
103 23
104 23
105 23
106 23
107 23
108 23
109 23
110 23
111 23
112 23
113 23
114 23
115 23
116 23
117 23
118 23
119 23
120 23
121 23
122 23
48 23
49 23
50 23
51 23
52 23
53 23
54 23
55 23
56 23
57 23
65 23
66 23
67 23
68 23
69 23
70 23
71 23
72 23
73 23
74 23
75 23
76 23
77 23
78 23
79 23
80 23
81 23
82 23
83 23
84 23
85 23
86 23
87 23
88 23
89 23
90 23
95 23
97 23
98 23
99 23
100 23
101 23
102 23
103 23
104 23
105 23
106 23
107 23
108 23
109 23
110 23
111 23
112 23
113 23
114 23
115 23
116 23
117 23
118 23
119 23
120 23
121 23
122 23
48 23
49 23
50 23
51 23
52 23
53 23
54 23
55 23
56 23
57 23
65 23
66 23
67 23
68 23
69 23
70 23
71 23
72 23
73 23
74 23
75 23
76 23
77 23
78 23
79 23
80 23
81 23
82 23
83 23
84 23
85 23
86 23
87 23
88 23
89 23
90 23
95 23
97 23
98 23
99 231
100 23
101 23
102 23
103 23
104 23
105 23
106 23
107 23
108 23
109 23
110 23
111 23
112 23
113 23
114 23
115 23
116 23
117 23
118 23
119 23
120 23
121 23
122 23
48 23
49 23
50 23
51 23
52 23
53 23
54 23
55 23
56 23
57 23
65 23
66 23
67 23
68 23
69 23
70 23
71 23
72 23
73 23
74 23
75 23
76 23
77 23
78 23
79 23
80 23
81 23
82 23
83 23
84 23
85 23
86 23
87 23
88 23
89 23
90 23
95 23
97 23
98 23
99 23
100 23
101 23
102 23
103 23
104 23
105 23
106 23
107 23
108 23
109 23
110 23
111 23
112 23
113 23
114 23
115 23
116 23
117 23
118 23
119 23
120 23
121 23
122 23
48 23
49 23
50 23
51 23
52 23
53 23
54 23
55 23
56 23
57 23
65 23
66 23
67 23
68 23
69 23
70 23
71 23
72 23
73 23
74 23
75 23
76 23
77 23
78 23
79 23
80 23
81 23
82 23
83 23
84 23
85 23
86 23
87 23
88 23
89 23
90 23
95 23
97 23
98 23
99 23
100 23
101 232
102 23
103 23
104 23
105 23
106 23
107 23
108 23
109 23
110 23
111 23
112 23
113 23
114 23
115 23
116 23
117 23
118 23
119 23
120 23
121 23
122 23
48 23
49 23
50 23
51 23
52 23
53 23
54 23
55 23
56 23
57 23
65 23
66 23
67 23
68 23
69 23
70 23
71 23
72 23
73 23
74 23
75 23
76 23
77 23
78 23
79 23
80 23
81 23
82 23
83 23
84 23
85 23
86 23
87 23
88 23
89 23
90 23
95 23
97 23
98 23
99 23
100 23
101 233
102 23
103 23
104 23
105 23
106 23
107 23
108 23
109 23
110 23
111 23
112 23
113 23
114 23
115 23
116 23
117 23
118 23
119 23
120 23
121 23
122 23
48 23
49 23
50 23
51 23
52 23
53 23
54 23
55 23
56 23
57 23
65 23
66 23
67 23
68 23
69 23
70 23
71 23
72 23
73 23
74 23
75 23
76 23
77 23
78 23
79 23
80 23
81 23
82 23
83 23
84 23
85 23
86 23
87 23
88 23
89 23
90 23
95 23
97 23
98 23
99 23
100 23
101 234
102 23
103 23
104 23
105 23
106 23
107 23
108 23
109 23
110 23
111 23
112 23
113 23
114 23
115 23
116 23
117 23
118 23
119 23
120 23
121 23
122 23
48 23
49 23
50 23
51 23
52 23
53 23
54 23
55 23
56 23
57 23
65 23
66 23
67 23
68 23
69 23
70 23
71 23
72 23
73 23
74 23
75 23
76 23
77 23
78 23
79 23
80 23
81 23
82 23
83 23
84 23
85 23
86 23
87 23
88 23
89 23
90 23
95 23
97 23
98 23
99 23
100 23
101 23
102 23
103 23
104 23
105 23
106 23
107 23
108 23
109 23
110 23
111 23
112 23
113 23
114 23
115 23
116 23
117 23
118 23
119 23
120 23
121 23
122 23
48 23
49 23
50 23
51 23
52 23
53 23
54 23
55 23
56 23
57 23
65 23
66 23
67 23
68 23
69 23
70 23
71 23
72 23
73 23
74 23
75 23
76 23
77 23
78 23
79 23
80 23
81 23
82 23
83 23
84 23
85 23
86 23
87 23
88 23
89 23
90 23
95 23
97 23
98 23
99 23
100 23
101 235
102 23
103 23
104 23
105 23
106 23
107 23
108 23
109 23
110 23
111 23
112 23
113 23
114 23
115 23
116 23
117 23
118 23
119 23
120 23
121 23
122 23
48 23
49 23
50 23
51 23
52 23
53 23
54 23
55 23
56 23
57 23
65 23
66 23
67 23
68 23
69 23
70 23
71 23
72 23
73 23
74 23
75 23
76 23
77 23
78 23
79 23
80 23
81 23
82 23
83 23
84 23
85 23
86 23
87 23
88 23
89 23
90 23
95 23
97 23
98 23
99 23
100 236
101 23
102 23
103 23
104 23
105 23
106 23
107 23
108 23
109 23
110 23
111 23
112 23
113 23
114 23
115 23
116 23
117 23
118 23
119 23
120 23
121 23
122 23
48 23
49 23
50 23
51 23
52 23
53 23
54 23
55 23
56 23
57 23
65 23
66 23
67 23
68 23
69 23
70 23
71 23
72 23
73 23
74 23
75 23
76 23
77 23
78 23
79 23
80 23
81 23
82 23
83 23
84 23
85 23
86 23
87 23
88 23
89 23
90 23
95 23
97 23
98 23
99 23
100 23
101 23
102 23
103 23
104 23
105 23
106 23
107 23
108 23
109 23
110 23
111 23
112 23
113 23
114 23
115 23
116 23
117 23
118 23
119 23
120 23
121 23
122 23
48 23
49 23
50 23
51 23
52 23
53 23
54 23
55 23
56 23
57 23
65 23
66 23
67 23
68 23
69 23
70 23
71 23
72 23
73 23
74 23
75 23
76 23
77 23
78 23
79 23
80 23
81 23
82 23
83 23
84 23
85 23
86 23
87 23
88 23
89 23
90 23
95 23
97 23
98 23
99 23
100 23
101 23
102 23
103 23
104 23
105 23
106 23
107 23
108 23
109 23
110 23
111 23
112 23
113 23
114 23
115 23
116 23
117 23
118 23
119 23
120 23
121 23
122 23
48 23
49 23
50 23
51 23
52 23
53 23
54 23
55 23
56 23
57 23
65 23
66 23
67 23
68 23
69 23
70 23
71 23
72 23
73 23
74 23
75 23
76 23
77 23
78 23
79 23
80 23
81 23
82 23
83 23
84 23
85 23
86 23
87 23
88 23
89 23
90 23
95 23
97 23
98 23
99 23
100 23
101 23
102 23
103 23
104 23
105 23
106 23
107 23
108 23
109 23
110 23
111 23
112 23
113 23
114 23
115 23
116 23
117 23
118 23
119 23
120 23
121 23
122 23
48 23
49 23
50 23
51 23
52 23
53 23
54 23
55 23
56 23
57 23
65 23
66 23
67 23
68 23
69 23
70 23
71 23
72 23
73 23
74 23
75 23
76 23
77 23
78 23
79 23
80 23
81 23
82 23
83 23
84 23
85 23
86 23
87 23
88 23
89 23
90 23
95 23
97 23
98 23
99 23
100 23
101 23
102 23
103 23
104 23
105 23
106 23
107 23
108 23
109 23
110 23
111 23
112 23
113 23
114 23
115 23
116 23
117 23
118 23
119 23
120 23
121 23
122 23